COCOUNT 493
//-collider
COAABB Y -172.000 31.000 -8.000 -171.500 39.000 -7.000
//collider
COOBB N -87.70711000 23.00000000 50.00000000 -87.00000000 23.00000000 49.29289000 -87.00000000 23.00000000 50.70711000 6.00000000
//-collider
COAABB Y -151.500 31.000 61.000 -151.000 39.000 64.000
//collider
COAABB N 23.000 23.000 25.500 31.000 35.000 26.000
//-collider
COAABB Y 5.000 31.000 -32.000 9.500 39.000 -31.500
//collider
COAABB N -3.500 31.000 95.500 -3.000 39.000 99.500
//-collider
COAABB Y -164.000 31.000 -16.000 -163.000 39.000 -15.500
//-collider
COAABB Y -238.500 27.000 33.000 -237.500 35.000 33.500
//-collider
COAABB Y 2.000 31.000 -33.500 3.000 39.000 -33.000
//-collider
COOBB Y -166.00000000 31.00000000 58.00000000 -165.64650000 31.00000000 57.64645000 -165.50000000 31.00000000 58.50000000 8.00000000
//-collider
COAABB Y 3.000 31.000 65.500 10.500 39.000 66.000
//collider
COAABB N -11.500 31.000 1.500 11.500 39.000 2.000
//-collider
COAABB Y -151.000 31.000 -2.500 -150.000 39.000 -2.000
//collider
COAABB N -74.500 19.000 -24.500 -74.000 27.000 -19.500
//collider
COAABB N -168.000 31.000 10.000 -163.000 39.000 10.500
//-collider
COAABB Y -14.500 31.000 -15.000 -14.000 39.000 -7.500
//collider
COOBB N 32.00000000 27.00000000 22.00000000 31.64645000 27.00000000 22.35355000 26.00000000 27.00000000 16.00000000 12.00000000
//-collider
COAABB Y -164.500 31.000 -15.000 -163.000 39.000 -14.500
//collider
COOBB N -41.00000000 27.00000000 31.00000000 -40.64645000 27.00000000 30.64645000 -32.00000000 27.00000000 40.00000000 8.00000000
//-collider
COOBB Y -13.50000000 31.00000000 -27.50000000 -13.85355000 31.00000000 -27.85355000 -9.50000000 31.00000000 -31.50000000 8.00000000
//-collider
COOBB Y -4.50000000 31.00000000 92.99999000 -4.14644600 31.00000000 93.35355000 -5.00000000 31.00000000 93.50000000 8.00000000
//-collider
COOBB Y -170.50000000 31.00000000 -8.50000000 -170.85350000 31.00000000 -8.85355400 -169.50000000 31.00000000 -9.50000000 8.00000000
//collider
COOBB N -142.00000000 27.00000000 22.00000000 -142.35350000 27.00000000 22.35355000 -148.00000000 27.00000000 16.00000000 12.00000000
//collider
COOBB N -188.00000000 27.00000000 14.00000000 -188.35350000 27.00000000 13.64645000 -182.00000000 27.00000000 7.99999900 12.00000000
//-collider
COOBB Y -14.00000000 31.00000000 76.50001000 -14.35355000 31.00000000 76.14645000 -13.00000000 31.00000000 75.50000000 8.00000000
//collider
COOBB N -232.50000000 27.00000000 43.00000000 -232.14650000 27.00000000 43.35355000 -236.50000000 27.00000000 47.00000000 11.00000000
//-collider
COAABB Y -151.500 31.000 64.500 -150.000 39.000 65.000
//collider
COAABB N -89.500 19.000 -35.000 -84.500 27.000 -34.500
//collider
COAABB N -36.500 27.000 43.500 -35.500 33.000 44.500
//collider
COOBB N -134.00000000 27.00000000 48.00000000 -133.64650000 27.00000000 48.35355000 -140.00000000 27.00000000 54.00000000 12.00000000
//collider
COOBB N 68.00001000 30.37500000 31.70711000 67.29289000 30.37500000 31.00000000 68.70711000 30.37500000 31.00000000 6.00000000
//collider
COAABB N 19.500 31.000 68.500 20.000 39.000 83.000
//collider
COOBB N 26.00000000 31.00000000 16.00000000 25.64645000 31.00000000 16.35356000 11.50000000 31.00000000 1.49999900 8.00000000
//collider
COOBB N -182.00000000 27.00000000 54.00000000 -182.35350000 27.00000000 54.35355000 -188.00000000 27.00000000 48.00000000 12.00000000
//-collider
COAABB Y -9.500 31.000 -32.000 -5.000 39.000 -31.500
//-collider
COAABB Y -163.500 31.000 4.500 -163.000 39.000 6.000
//-collider
COAABB Y -172.000 31.000 -2.500 -171.000 39.000 -2.000
//collider
COAABB N -184.500 27.000 43.500 -183.500 33.000 44.500
//-collider
COOBB Y -172.00000000 31.00000000 60.00000000 -171.64650000 31.00000000 59.64645000 -171.00000000 31.00000000 61.00000000 8.00000000
//collider
COOBB N -32.00000000 27.00000000 40.00000000 -31.64645000 27.00000000 39.64645000 -26.00000000 27.00000000 46.00000000 12.00000000
//-collider
COOBB Y -248.50000000 30.00000000 21.00000000 -248.99800000 30.00000000 21.04527000 -249.00000000 30.00000000 15.50000000 8.00000000
//-collider
COOBB Y -156.50000000 31.00000000 58.50000000 -156.85350000 31.00000000 58.14645000 -156.00000000 31.00000000 58.00000000 8.00000000
//-collider
COAABB Y -159.000 31.000 56.000 -158.500 39.000 57.500
//collider
COAABB N -92.500 19.000 66.000 -92.000 31.000 74.000
//-collider
COOBB Y -156.50000000 31.00000000 -13.50000000 -156.85350000 31.00000000 -13.85355000 -156.00000000 31.00000000 -14.00000000 8.00000000
//-collider
COOBB Y -154.00000000 31.00000000 56.00000000 -153.64650000 31.00000000 56.35355000 -155.00000000 31.00000000 57.00000000 8.00000000
//-collider
COAABB Y -159.000 31.000 5.500 -158.000 39.000 6.000
//-collider
COOBB Y 13.50000000 31.00000000 89.49999000 13.85356000 31.00000000 89.85355000 9.49999800 31.00000000 93.50000000 8.00000000
//-collider
COAABB Y -238.000 27.000 33.000 -237.500 35.000 34.000
//-collider
COAABB Y -2.500 31.000 94.000 -2.000 39.000 95.500
//collider
COAABB N -138.500 27.000 43.500 -137.500 33.000 44.500
//collider
COAABB N -152.000 27.000 29.000 -151.500 35.000 33.000
//collider
COOBB N -163.00000000 27.00000000 40.00000000 -163.35350000 27.00000000 40.35355000 -170.00000000 27.00000000 33.00000000 8.00000000
//collider
COOBB N 106.50000000 31.00000000 36.00000000 106.84020000 31.00000000 36.36639000 99.50000000 31.00000000 42.50000000 8.00000000
//collider
COOBB N -186.50000000 27.00000000 33.50000000 -186.14650000 27.00000000 33.14645000 -180.00000000 27.00000000 40.00000000 8.00000000
//collider
COOBB N 34.00000000 27.00000000 8.00000000 34.35355000 27.00000000 7.64644700 40.00000000 27.00000000 14.00000000 12.00000000
//-collider
COAABB Y 112.000 31.000 35.000 116.000 39.000 35.500
//-collider
COAABB Y -159.000 31.000 57.000 -157.500 39.000 57.500
//-collider
COOBB Y -152.00000000 31.00000000 0.00000000 -151.64650000 31.00000000 0.35355350 -156.00000000 31.00000000 4.00000000 8.00000000
//-collider
COAABB Y -9.500 31.000 -4.500 -5.000 39.000 -4.000
//collider
COAABB N -164.500 31.000 78.000 -164.000 39.000 82.000
//-collider
COOBB Y 9.50000100 31.00000000 -31.50000000 9.85355400 31.00000000 -31.85355000 13.50000000 31.00000000 -27.50000000 8.00000000
//collider
COAACYLINDER N -160.823 25.452 30.961 0.700 2.980
//collider
COOBB N -142.00000000 27.00000000 40.00000000 -142.35350000 27.00000000 39.64645000 -133.00000000 27.00000000 31.00000000 8.00000000
//-collider
COAABB Y 14.000 31.000 -21.500 14.500 39.000 -20.000
//collider
COOBB N 40.00000000 27.00000000 14.00000000 40.35355000 27.00000000 13.64645000 52.00000000 27.00000000 26.00000000 8.00000000
//collider
COOBB N -180.00000000 27.00000000 22.00000000 -179.64650000 27.00000000 22.35355000 -186.50000000 27.00000000 28.50000000 8.00000000
//-collider
COAABB Y -171.000 31.000 -8.500 -170.500 39.000 -7.000
//-collider
COAABB Y -172.000 31.000 69.000 -170.500 39.000 69.500
//-collider
COAABB Y 13.500 31.000 -13.000 14.000 39.000 -8.500
//-collider
COAABB Y -14.500 31.000 69.500 -14.000 39.000 77.000
//-collider
COOBB Y -165.50000000 31.00000000 58.50000000 -165.85350000 31.00000000 58.14645000 -164.50000000 31.00000000 57.50000000 8.00000000
//-collider
COOBB Y -13.00000000 31.00000000 -22.50000000 -13.35355000 31.00000000 -22.14645000 -13.50000000 31.00000000 -23.00000000 8.00000000
//collider
COOBB N 112.00000000 31.00000000 35.00000000 112.08940000 31.00000000 35.49194000 106.50000000 31.00000000 36.00000000 8.00000000
//collider
COAABB N -100.000 19.000 81.500 -99.500 27.000 86.500
//-collider
COOBB Y 4.50000000 31.00000000 -5.00000000 4.85355300 31.00000000 -4.64644600 3.50000000 31.00000000 -4.00000000 8.00000000
//-collider
COAABB Y -15.500 31.000 -21.000 -15.000 39.000 -20.000
//-collider
COAABB Y -159.000 31.000 77.500 -158.000 39.000 78.000
//-collider
COOBB Y -15.50000000 31.00000000 -6.50000000 -15.14645000 31.00000000 -6.85355400 -11.50000000 31.00000000 -2.50000000 8.00000000
//collider
COAABB N 88.500 31.000 13.500 94.000 39.000 14.000
//-collider
COOBB Y -237.50000000 27.00000000 38.00000000 -237.85350000 27.00000000 38.35355000 -238.50000000 27.00000000 37.00000000 8.00000000
//-collider
COAABB Y -171.000 31.000 69.000 -170.500 39.000 70.500
//-collider
COAABB Y -171.000 31.000 -2.000 -170.500 39.000 1.000
//-collider
COAABB Y 14.000 31.000 69.500 14.500 39.000 77.000
//-collider
COAABB Y 2.000 31.000 64.500 2.500 39.000 66.000
//-collider
COOBB Y -4.50000100 31.00000000 67.00001000 -4.85355400 31.00000000 66.64645000 -3.50000000 31.00000000 66.00000000 8.00000000
//-collider
COAABB Y -15.500 31.000 -15.500 -14.500 39.000 -15.000
//-collider
COAABB Y 2.000 31.000 -4.000 3.500 39.000 -3.500
//collider
COOBB N 113.50000000 27.50000000 67.50000000 113.14650000 27.50000000 67.85355000 98.50000000 27.50000000 52.50000000 8.00000000
//-collider
COAABB Y 2.000 31.000 -32.500 3.500 39.000 -32.000
//collider
COOBB N -134.00000000 27.00000000 14.00000000 -133.64650000 27.00000000 13.64645000 -122.00000000 27.00000000 26.00000000 8.00000000
//collider
COAABB N -92.500 23.000 -4.500 -92.000 31.000 12.000
//collider
COAABB N -163.500 31.000 49.000 -163.000 39.000 52.000
//collider
COOBB N -52.00000000 27.00000000 26.00000000 -52.35355000 27.00000000 25.64645000 -40.00000000 27.00000000 14.00000000 8.00000000
//collider
COOBB N -154.00000000 31.00000000 52.00000000 -154.35350000 31.00000000 51.64645000 -148.00000000 31.00000000 46.00000000 8.00000000
//collider
COAABB N -159.000 27.000 20.000 -158.500 35.000 22.000
//-collider
COAABB Y -151.500 31.000 -3.000 -151.000 39.000 -1.500
//collider
COOBB N -86.29289000 23.00000000 12.00000000 -87.00000000 23.00000000 12.70711000 -87.00000000 23.00000000 11.29289000 6.00000000
//collider
COOBB N -26.00000000 31.00000000 46.00000000 -25.64645000 31.00000000 45.64645000 -11.50000000 31.00000000 60.50000000 8.00000000
//-collider
COOBB Y 123.00000000 24.00000000 66.50000000 123.35350000 24.00000000 66.14645000 125.50000000 24.00000000 69.00001000 8.00000000
//collider
COAABB N -82.000 23.000 12.000 -81.500 35.000 20.000
//collider
COOBB N 106.50000000 31.00000000 26.00000000 106.58940000 31.00000000 25.50806000 112.00000000 31.00000000 27.00000000 8.00000000
//collider
COOBB N -82.00001000 27.00000000 20.00000000 -81.64645000 27.00000000 19.64645000 -76.00000000 27.00000000 26.00000000 8.00000000
//collider
COOBB N -241.50000000 30.00000000 10.00000000 -241.14650000 30.00000000 9.64644600 -236.50000000 30.00000000 15.00000000 8.00000000
//-collider
COAABB Y -159.000 31.000 76.500 -158.500 39.000 78.000
//collider
COAABB N 89.000 31.000 48.500 94.500 39.000 49.000
//-collider
COAABB Y 5.000 31.000 66.000 9.500 39.000 66.500
//-collider
COAABB Y -172.000 31.000 -3.000 -170.500 39.000 -2.500
//-collider
COAABB Y -164.500 31.000 57.000 -163.000 39.000 57.500
//collider
COOBB N -11.50000000 31.00000000 1.50000100 -11.14645000 31.00000000 1.85355400 -26.00000000 31.00000000 16.00000000 8.00000000
//collider
COOBB N 31.00001000 26.62500000 31.70711000 30.29289000 26.62500000 31.00001000 31.70711000 26.62500000 30.99999000 6.00000000
//collider
COAABB N -159.000 31.000 10.000 -158.500 39.000 13.000
//collider
COAABB N -178.500 30.750 49.500 -177.500 36.750 50.500
//-collider
COOBB Y 11.50000000 31.00000000 64.49999000 11.85355000 31.00000000 64.85355000 10.50000000 31.00000000 65.50000000 8.00000000
//-collider
COOBB Y -165.50000000 31.00000000 75.49999000 -165.14650000 31.00000000 75.85355000 -166.00000000 31.00000000 76.00000000 8.00000000
//-collider
COAABB Y 2.000 31.000 64.500 3.000 39.000 65.000
//-collider
COOBB Y -237.50000000 27.00000000 24.00000000 -237.85350000 27.00000000 24.35355000 -241.50000000 27.00000000 20.00000000 11.00000000
//-collider
COAABB Y 14.000 31.000 -16.000 15.500 39.000 -15.500
//collider
COAABB N -184.500 27.000 17.500 -183.500 33.000 18.500
//-collider
COAABB Y -151.500 31.000 69.000 -150.000 39.000 69.500
//-collider
COOBB Y -166.00000000 31.00000000 -14.00000000 -165.64650000 31.00000000 -14.35355000 -165.50000000 31.00000000 -13.50000000 8.00000000
//collider
COOBB N -122.00000000 27.00000000 36.00000000 -121.64650000 27.00000000 36.35355000 -134.00000000 27.00000000 48.00000000 8.00000000
//-collider
COAABB Y -15.500 31.000 -16.000 -15.000 39.000 -15.000
//collider
COAABB N 29.500 30.750 49.500 30.500 36.750 50.500
//collider
COAABB N -146.000 31.000 60.000 -145.500 39.000 70.000
//-collider
COOBB Y -13.50000000 31.00000000 85.00001000 -13.85355000 31.00000000 84.64645000 -13.00000000 31.00000000 84.50000000 8.00000000
//-collider
COAABB Y 15.000 31.000 -16.000 15.500 39.000 -15.000
//collider
COOBB N 32.00000000 27.00000000 40.00000000 31.64645000 27.00000000 39.64645000 36.00000000 27.00000000 36.00000000 8.00000000
//collider
COOBB N -86.29289000 19.00000000 -12.00000000 -87.00000000 19.00000000 -11.29289000 -87.00000000 19.00000000 -12.70711000 6.00000000
//collider
COAABB N -92.500 23.000 12.000 -92.000 35.000 20.000
//-collider
COAABB Y 15.000 31.000 -21.000 15.500 39.000 -20.000
//collider
COOBB N -18.50000000 23.00000000 28.50000000 -18.85355000 23.00000000 28.14645000 -8.50000000 23.00000000 18.50000000 8.00000000
//-collider
COOBB Y -152.00000000 31.00000000 -10.00000000 -151.64650000 31.00000000 -9.64644600 -152.50000000 31.00000000 -9.50000000 8.00000000
//-collider
COOBB Y 14.00000000 31.00000000 -14.50000000 14.35355000 31.00000000 -14.14645000 13.00000000 31.00000000 -13.50000000 8.00000000
//collider
COAABB N -176.000 31.000 70.000 -172.000 39.000 70.500
//-collider
COAABB Y -159.000 31.000 -16.000 -158.500 39.000 -14.500
//collider
COAABB N 19.000 23.000 25.500 23.000 31.000 26.000
//-collider
COOBB Y -168.00000000 31.00000000 6.00000000 -168.35350000 31.00000000 5.64644600 -167.00000000 31.00000000 5.00000000 8.00000000
//-collider
COAABB Y -238.500 27.000 33.500 -237.500 35.000 34.000
//-collider
COAABB Y -172.000 31.000 64.000 -171.500 39.000 65.000
//-collider
COAABB Y -172.000 31.000 -7.500 -170.500 39.000 -7.000
//collider
COAABB N -150.000 31.000 -8.500 -146.000 39.000 -8.000
//-collider
COOBB Y -9.49999800 31.00000000 93.50000000 -9.85355200 31.00000000 93.85355000 -13.50000000 31.00000000 89.49999000 8.00000000
//-collider
COOBB Y -156.00000000 31.00000000 58.00000000 -155.64650000 31.00000000 57.64645000 -152.00000000 31.00000000 62.00000000 8.00000000
//collider
COOBB N 40.00000000 27.00000000 48.00000000 40.35355000 27.00000000 48.35355000 34.00000000 27.00000000 54.00000000 12.00000000
//collider
COOBB N -216.00000000 27.00000000 36.00000000 -215.64650000 27.00000000 36.35355000 -223.00000000 27.00000000 43.00000000 8.00000000
//-collider
COAABB Y -158.000 31.000 57.000 -155.000 39.000 57.500
//-collider
COOBB Y -156.50000000 31.00000000 3.50000000 -156.14650000 31.00000000 3.85355400 -157.50000000 31.00000000 4.50000000 8.00000000
//collider
COAABB N -36.500 27.000 17.500 -35.500 33.000 18.500
//-collider
COAABB Y 3.000 31.000 -4.000 10.500 39.000 -3.500
//-collider
COAABB Y 15.000 31.000 77.000 15.500 39.000 78.000
//-collider
COOBB Y -13.00000000 31.00000000 84.50000000 -13.35355000 31.00000000 84.85355000 -14.00000000 31.00000000 83.49999000 8.00000000
//-collider
COAABB Y -3.500 31.000 94.000 -2.000 39.000 94.500
//-collider
COOBB Y -13.00000000 31.00000000 -13.50000000 -13.35355000 31.00000000 -13.14645000 -14.00000000 31.00000000 -14.50000000 8.00000000
//-collider
COOBB Y -11.50000000 31.00000000 -2.50000000 -11.85355000 31.00000000 -2.85355300 -10.50000000 31.00000000 -3.50000000 8.00000000
//-collider
COOBB Y -15.50000000 31.00000000 68.50000000 -15.14645000 31.00000000 68.14645000 -14.50000000 31.00000000 69.50001000 8.00000000
//-collider
COAABB Y 13.500 31.000 -27.500 14.000 39.000 -23.000
//-collider
COAABB Y -159.000 31.000 -16.000 -158.000 39.000 -15.500
//-collider
COOBB Y 3.50000000 31.00000000 66.00000000 3.85355300 31.00000000 65.64645000 4.50000100 31.00000000 67.00001000 8.00000000
//-collider
COAABB Y -151.500 31.000 -7.500 -150.000 39.000 -7.000
//-collider
COOBB Y 11.50000000 31.00000000 -2.50000000 11.14645000 31.00000000 -2.85355300 15.50000000 31.00000000 -6.50000100 8.00000000
//-collider
COOBB Y 13.00000000 31.00000000 75.50000000 13.35355000 31.00000000 75.14645000 14.00000000 31.00000000 76.50001000 8.00000000
//collider
COAABB N -163.500 27.000 40.000 -163.000 35.000 42.000
//collider
COOBB N -89.50000000 19.00000000 96.50000000 -89.85355000 19.00000000 96.85355000 -99.50000000 19.00000000 86.49999000 8.00000000
//collider
COAABB N 52.000 27.000 36.000 60.000 35.000 36.500
//-collider
COOBB Y 13.00000000 31.00000000 84.50000000 13.35355000 31.00000000 84.14645000 13.50000000 31.00000000 85.00001000 8.00000000
//-collider
COOBB Y -5.00000000 31.00000000 -31.50000000 -4.64644700 31.00000000 -31.85355000 -4.50000000 31.00000000 -31.00000000 8.00000000
//-collider
COOBB Y -169.50000000 31.00000000 -9.49999900 -169.85350000 31.00000000 -9.14644600 -170.00000000 31.00000000 -10.00000000 8.00000000
//collider
COAABB N -144.500 30.750 11.500 -143.500 36.750 12.500
//-collider
COAABB Y -172.000 31.000 64.000 -171.000 39.000 64.500
//-collider
COOBB Y -166.00000000 31.00000000 76.00000000 -166.35350000 31.00000000 76.35355000 -170.00000000 31.00000000 71.99999000 8.00000000
//-collider
COOBB Y -156.00000000 31.00000000 76.00000000 -156.35350000 31.00000000 76.35355000 -156.50000000 31.00000000 75.49999000 8.00000000
//collider
COAABB N -92.500 23.000 42.000 -92.000 35.000 50.000
//-collider
COAABB Y 2.000 31.000 94.000 3.500 39.000 94.500
//collider
COOBB N -84.50000000 19.00000000 -34.50000000 -84.14645000 19.00000000 -34.85355000 -74.50000000 19.00000000 -24.50000000 8.00000000
//-collider
COAABB Y -14.500 31.000 -16.000 -14.000 39.000 -14.500
//-collider
COOBB Y -170.00000000 31.00000000 62.00000000 -170.35350000 31.00000000 61.64645000 -166.00000000 31.00000000 58.00000000 8.00000000
//-collider
COOBB Y -170.00000000 31.00000000 -10.00000000 -170.35350000 31.00000000 -10.35355000 -166.00000000 31.00000000 -14.00000000 8.00000000
//collider
COAABB N -159.000 31.000 10.000 -154.000 39.000 10.500
//-collider
COAABB Y 116.000 31.000 27.000 116.500 39.000 35.000
//collider
COOBB N -140.00000000 27.00000000 8.00000000 -139.64650000 27.00000000 7.64644700 -134.00000000 27.00000000 14.00000000 12.00000000
//-collider
COOBB Y -164.50000000 31.00000000 76.50000000 -164.85350000 31.00000000 76.85355000 -165.50000000 31.00000000 75.49999000 8.00000000
//-collider
COAABB Y -14.000 31.000 70.500 -13.500 39.000 75.000
//-collider
COOBB Y -3.50000000 31.00000000 -4.00000000 -3.85355400 31.00000000 -3.64644600 -4.50000000 31.00000000 -5.00000000 8.00000000
//-collider
COOBB Y -154.00000000 31.00000000 6.00000000 -154.35350000 31.00000000 5.64644700 -150.00000000 31.00000000 2.00000000 8.00000000
//-collider
COAABB Y -15.500 31.000 -20.500 -14.000 39.000 -20.000
//collider
COAABB N 15.500 31.000 -21.500 19.500 39.000 -21.000
//collider
COAABB N -164.000 31.000 -20.500 -158.000 39.000 -20.000
//-collider
COOBB Y -11.50000000 31.00000000 64.49999000 -11.14644000 31.00000000 64.85355000 -15.50000000 31.00000000 68.50000000 8.00000000
//-collider
COOBB Y -242.50000000 30.00000000 41.00000000 -242.14650000 30.00000000 40.64645000 -241.50000000 30.00000000 42.00000000 8.00000000
//-collider
COOBB Y -13.50000000 31.00000000 70.50001000 -13.85356000 31.00000000 70.14645000 -9.49999800 31.00000000 66.50000000 8.00000000
//-collider
COAABB Y -151.500 31.000 -8.500 -151.000 39.000 -7.000
//-collider
COOBB Y 13.50000000 31.00000000 -8.50000000 13.85355000 31.00000000 -8.14644600 9.50000000 31.00000000 -4.50000000 8.00000000
//-collider
COOBB Y -152.50000000 31.00000000 71.50000000 -152.14650000 31.00000000 71.14645000 -152.00000000 31.00000000 72.00001000 8.00000000
//collider
COAABB N -3.000 31.000 -38.000 3.000 39.000 -37.500
//collider
COOBB N -200.00000000 27.00000000 26.00000000 -200.35350000 27.00000000 25.64645000 -188.00000000 27.00000000 14.00000000 8.00000000
//-collider
COOBB Y -251.00000000 30.00000000 52.00000000 -251.47650000 30.00000000 51.84840000 -247.50000000 30.00000000 41.00000000 8.00000000
//collider
COOBB N -87.70711000 22.62500000 66.00000000 -87.00000000 22.62500000 65.29289000 -87.00000000 22.62500000 66.70711000 6.00000000
//-collider
COAABB Y 14.000 31.000 76.500 14.500 39.000 78.000
//collider
COAABB N 15.500 31.000 83.000 19.500 39.000 83.500
//collider
COOBB N 119.00000000 27.50000000 53.00000000 119.49930000 27.50000000 52.97372000 119.50000000 27.50000000 62.50000000 8.00000000
//collider
COOBB N 34.00000000 31.00000000 54.00000000 34.35355000 31.00000000 54.35355000 19.50000000 31.00000000 68.50000000 8.00000000
//-collider
COAABB Y -167.000 31.000 57.000 -164.000 39.000 57.500
//-collider
COOBB Y 5.00000000 31.00000000 -4.50000000 4.64644600 31.00000000 -4.14644600 4.50000000 31.00000000 -5.00000000 8.00000000
//-collider
COOBB Y -152.00000000 31.00000000 71.99999000 -151.64650000 31.00000000 72.35355000 -156.00000000 31.00000000 76.00000000 8.00000000
//collider
COOBB N 119.50000000 24.00000000 62.50000000 119.87630000 24.00000000 62.17075000 123.00000000 24.00000000 66.50000000 11.50000000
//collider
COOBB N -86.29289000 26.62500000 42.00000000 -87.00000000 26.62500000 42.70711000 -87.00000000 26.62500000 41.29289000 6.00000000
//collider
COAABB N -163.500 31.000 10.000 -163.000 39.000 13.000
//-collider
COOBB Y -14.00000000 31.00000000 -21.50000000 -14.35355000 31.00000000 -21.85355000 -13.00000000 31.00000000 -22.50000000 8.00000000
//-collider
COAABB Y -171.000 31.000 61.000 -170.500 39.000 64.000
//collider
COOBB N -91.99999000 27.00000000 42.00000000 -92.35355000 27.00000000 42.35355000 -98.00000000 27.00000000 36.00000000 8.00000000
//collider
COAABB N 23.000 23.000 36.000 31.000 35.000 36.500
//collider
COOBB N -99.49999000 19.00000000 81.50000000 -99.85355000 19.00000000 81.14645000 -92.00000000 19.00000000 74.00001000 8.00000000
//collider
COAABB N -216.000 27.000 25.500 -200.000 35.000 26.000
//-collider
COAABB Y -158.000 31.000 4.500 -155.000 39.000 5.000
//collider
COOBB N 112.00000000 31.00000000 35.00000000 112.08940000 31.00000000 35.49194000 106.50000000 31.00000000 36.00000000 8.00000000
//collider
COOBB N -74.50000000 19.00000000 86.50000000 -74.14645000 19.00000000 86.85355000 -84.50000000 19.00000000 96.50000000 8.00000000
//-collider
COOBB Y -169.50000000 31.00000000 62.50000000 -169.85350000 31.00000000 62.85355000 -170.00000000 31.00000000 62.00000000 8.00000000
//collider
COAABB N -251.000 30.000 52.000 -241.500 38.000 52.500
//collider
COAABB N 3.000 31.000 -37.500 3.500 39.000 -33.500
//collider
COAABB N -146.000 31.000 -8.000 -145.500 39.000 2.000
//-collider
COAABB Y -164.500 31.000 4.500 -163.000 39.000 5.000
//collider
COAABB N -164.500 31.000 -20.000 -164.000 39.000 -16.000
//-collider
COAABB Y -172.000 31.000 69.000 -171.500 39.000 70.000
//-collider
COAABB Y -2.500 31.000 -4.000 -2.000 39.000 -2.500
//collider
COOBB N 36.00000000 27.00000000 26.00000000 35.64645000 27.00000000 26.35355000 32.00000000 27.00000000 22.00000000 8.00000000
//-collider
COAABB Y -163.500 31.000 76.500 -163.000 39.000 78.000
//-collider
COOBB Y 13.50000000 31.00000000 74.99999000 13.85355000 31.00000000 75.35355000 13.00000000 31.00000000 75.50000000 8.00000000
//-collider
COAABB Y 14.000 31.000 82.000 15.500 39.000 82.500
//-collider
COAABB Y -159.000 31.000 4.500 -157.500 39.000 5.000
//collider
COAABB N -168.000 31.000 51.500 -163.000 39.000 52.000
//-collider
COAABB Y 14.500 31.000 77.000 15.500 39.000 77.500
//collider
COAABB N 56.000 25.000 36.000 60.000 35.000 36.500
//-collider
COAABB Y -3.000 31.000 64.500 -2.500 39.000 65.500
//-collider
COAABB Y -9.500 31.000 93.500 -5.000 39.000 94.000
//-collider
COAABB Y 2.500 31.000 64.500 3.000 39.000 65.500
//-collider
COOBB Y -152.50000000 31.00000000 -0.50000000 -152.14650000 31.00000000 -0.85355340 -152.00000000 31.00000000 -0.00000003 8.00000000
//collider
COAABB N -74.500 19.000 81.500 -74.000 27.000 86.500
//collider
COOBB N -87.70711000 26.62500000 20.00000000 -87.00000000 26.62500000 19.29289000 -87.00000000 26.62500000 20.70711000 6.00000000
//-collider
COAABB Y -158.500 31.000 5.000 -158.000 39.000 6.000
//-collider
COOBB Y -155.00000000 31.00000000 5.00000000 -154.64650000 31.00000000 4.64644700 -154.00000000 31.00000000 6.00000000 8.00000000
//-collider
COAABB Y 2.000 31.000 -33.500 2.500 39.000 -32.000
//collider
COAABB N -100.000 19.000 -24.500 -99.500 27.000 -19.500
//-collider
COAABB Y -164.000 31.000 5.500 -163.000 39.000 6.000
//-collider
COOBB Y -150.00000000 31.00000000 2.00000000 -150.35350000 31.00000000 2.35355400 -151.00000000 31.00000000 0.99999980 8.00000000
//-collider
COAABB Y 2.000 31.000 95.000 3.000 39.000 95.500
//collider
COOBB N -148.00000000 31.00000000 16.00000000 -148.35350000 31.00000000 16.35355000 -154.00000000 31.00000000 9.99999900 8.00000000
//-collider
COAABB Y -14.500 31.000 82.000 -14.000 39.000 83.500
//collider
COOBB N -40.00000000 27.00000000 14.00000000 -40.35355000 27.00000000 13.64645000 -34.00000000 27.00000000 7.99999900 12.00000000
//collider
COOBB N -40.00000000 27.00000000 48.00000000 -40.35355000 27.00000000 48.35355000 -52.00000000 27.00000000 36.00000000 8.00000000
//collider
COOBB N -133.00000000 27.00000000 31.00000000 -133.35350000 27.00000000 31.35355000 -142.00000000 27.00000000 22.00000000 8.00000000
//-collider
COAABB Y 15.000 31.000 82.000 15.500 39.000 83.000
//-collider
COAABB Y 14.500 31.000 -15.500 15.500 39.000 -15.000
//-collider
COAABB Y -2.500 31.000 64.500 -2.000 39.000 66.000
//-collider
COOBB Y -171.00000000 31.00000000 0.99999990 -170.64650000 31.00000000 1.35355300 -172.00000000 31.00000000 2.00000000 8.00000000
//-collider
COOBB Y -166.00000000 31.00000000 4.00000000 -166.35350000 31.00000000 4.35355400 -170.00000000 31.00000000 -0.00000048 8.00000000
//collider
COOBB N -174.00000000 27.00000000 16.00000000 -173.64650000 27.00000000 16.35355000 -180.00000000 27.00000000 22.00000000 12.00000000
//collider
COAABB N -92.500 19.000 -12.000 -92.000 31.000 -4.500
//-collider
COAABB Y -14.000 31.000 -13.000 -13.500 39.000 -8.500
//collider
COOBB N 11.50000000 23.00000000 18.50000000 11.85355000 23.00000000 18.14645000 19.00000000 23.00000000 26.00000000 8.00000000
//collider
COAABB N -163.500 27.000 13.000 -163.000 39.000 20.000
//-collider
COOBB Y 13.00000000 31.00000000 -13.50000000 13.35355000 31.00000000 -13.85355000 13.50000000 31.00000000 -13.00000000 8.00000000
//-collider
COOBB Y -156.00000000 31.00000000 -14.00000000 -155.64650000 31.00000000 -14.35355000 -152.00000000 31.00000000 -10.00000000 8.00000000
//-collider
COAABB Y -14.500 31.000 76.500 -14.000 39.000 78.000
//-collider
COAABB Y 14.000 31.000 -15.000 14.500 39.000 -7.500
//collider
COAABB N -163.500 27.000 42.000 -163.000 39.000 49.000
//collider
COOBB N 19.00000000 23.00000000 36.00000000 19.35356000 23.00000000 36.35355000 11.50000000 23.00000000 43.50000000 8.00000000
//-collider
COAABB Y -150.500 31.000 -3.000 -150.000 39.000 -2.000
//collider
COAABB N -19.000 23.000 28.500 -18.500 31.000 33.500
//-collider
COOBB Y -9.50000000 31.00000000 -4.49999900 -9.85355400 31.00000000 -4.14644600 -13.50000000 31.00000000 -8.50000000 8.00000000
//-collider
COAABB Y -151.500 31.000 -2.000 -151.000 39.000 1.000
//-collider
COAABB Y -158.500 31.000 56.000 -158.000 39.000 57.000
//-collider
COAABB Y -238.000 27.000 28.000 -237.500 35.000 29.000
//collider
COAABB N -159.000 31.000 51.500 -154.000 39.000 52.000
//-collider
COOBB Y -152.00000000 31.00000000 62.00000000 -151.64650000 31.00000000 62.35355000 -152.50000000 31.00000000 62.50000000 8.00000000
//collider
COAABB N -159.000 27.000 42.000 -158.500 39.000 49.000
//collider
COOBB N -159.00000000 27.00000000 22.00000000 -158.64650000 27.00000000 21.64645000 -152.00000000 27.00000000 29.00000000 8.00000000
//collider
COAABB N -159.000 27.000 13.000 -158.500 39.000 20.000
//collider
COOBB N 99.50000000 27.50000000 42.50000000 99.85355000 27.50000000 42.14645000 104.00000000 27.50000000 47.00000000 11.50000000
//-collider
COAABB Y -172.000 31.000 -3.000 -171.500 39.000 -2.000
//-collider
COOBB Y -156.00000000 31.00000000 4.00000000 -156.35350000 31.00000000 4.35355400 -156.50000000 31.00000000 3.50000000 8.00000000
//-collider
COOBB Y -170.00000000 31.00000000 0.00000003 -170.35350000 31.00000000 -0.35355340 -169.50000000 31.00000000 -0.50000010 8.00000000
//-collider
COAABB Y 5.000 31.000 93.500 9.500 39.000 94.000
//collider
COOBB N 23.00000000 23.00000000 30.29289000 23.70711000 23.00000000 31.00000000 22.29289000 23.00000000 31.00000000 6.00000000
//-collider
COAABB Y -150.500 31.000 -8.000 -150.000 39.000 -7.000
//collider
COAABB N -76.000 27.000 36.000 -52.000 35.000 36.500
//-collider
COAABB Y -151.500 31.000 69.000 -151.000 39.000 70.500
//collider
COAABB N -232.500 27.000 43.000 -223.000 35.000 43.500
//-collider
COOBB Y -3.50000000 31.00000000 94.00000000 -3.85355300 31.00000000 94.35355000 -4.50000100 31.00000000 92.99999000 8.00000000
//collider
COAABB N 35.500 27.000 43.500 36.500 33.000 44.500
//-collider
COAABB Y -238.500 27.000 28.000 -237.500 35.000 28.500
//collider
COAABB N -158.000 31.000 78.000 -157.500 39.000 82.000
//-collider
COOBB Y 3.50000000 31.00000000 -32.00000000 3.85355300 31.00000000 -32.35355000 4.50000100 31.00000000 -31.00000000 8.00000000
//-collider
COOBB Y -249.00000000 30.00000000 15.50000000 -249.46990000 30.00000000 15.67087000 -251.00000000 30.00000000 10.00000000 8.00000000
//-collider
COOBB Y -10.50000000 31.00000000 65.50000000 -10.85355000 31.00000000 65.85355000 -11.50000000 31.00000000 64.49999000 8.00000000
//collider
COOBB N -174.00000000 31.00000000 46.00000000 -173.64650000 31.00000000 45.64645000 -168.00000000 31.00000000 52.00000000 8.00000000
//-collider
COOBB Y -150.00000000 31.00000000 60.00000000 -150.35350000 31.00000000 60.35355000 -154.00000000 31.00000000 56.00000000 8.00000000
//-collider
COOBB Y 13.50000000 31.00000000 -23.00000000 13.85355000 31.00000000 -22.64645000 13.00000000 31.00000000 -22.50000000 8.00000000
//collider
COAABB N -232.500 27.000 18.500 -223.000 35.000 19.000
//-collider
COAABB Y -248.500 30.000 21.000 -242.500 38.000 21.500
//-collider
COAABB Y -3.000 31.000 64.500 -2.000 39.000 65.000
//-collider
COAABB Y 5.000 31.000 -4.500 9.500 39.000 -4.000
//-collider
COAABB Y 14.000 31.000 -16.000 14.500 39.000 -14.500
//-collider
COAABB Y 89.750 31.000 22.000 92.750 39.000 25.000
//collider
COAABB N -159.000 27.000 40.000 -158.500 35.000 42.000
//-collider
COAABB Y -3.500 31.000 65.500 -2.000 39.000 66.000
//collider
COAABB N 19.000 23.000 36.000 23.000 31.000 36.500
//-collider
COOBB Y -151.00000000 31.00000000 61.00000000 -151.35350000 31.00000000 60.64645000 -150.00000000 31.00000000 60.00000000 8.00000000
//collider
COOBB N 113.50000000 27.50000000 67.50000000 113.14650000 27.50000000 67.85355000 98.50000000 27.50000000 52.50000000 8.00000000
//collider
COOBB N -34.00000000 31.00000000 8.00000200 -34.35355000 31.00000000 7.64644800 -19.50000000 31.00000000 -6.50000100 8.00000000
//-collider
COOBB Y -167.00000000 31.00000000 57.00000000 -167.35350000 31.00000000 57.35355000 -168.00000000 31.00000000 56.00000000 8.00000000
//-collider
COAABB Y 13.500 31.000 70.500 14.000 39.000 75.000
//collider
COOBB N -188.00000000 27.00000000 48.00000000 -188.35350000 27.00000000 48.35355000 -200.00000000 27.00000000 36.00000000 8.00000000
//collider
COOBB N 60.00000000 26.62500000 31.70711000 59.29289000 26.62500000 31.00000000 60.70711000 26.62500000 31.00000000 6.00000000
//collider
COAABB N -20.000 31.000 68.500 -19.500 39.000 83.000
//-collider
COAABB Y -3.500 31.000 -32.500 -2.000 39.000 -32.000
//-collider
COAABB Y 2.000 31.000 -4.000 2.500 39.000 -2.500
//collider
COOBB N -8.50000000 23.00000000 43.50000000 -8.85355400 23.00000000 43.85355000 -18.50000000 23.00000000 33.50000000 8.00000000
//-collider
COOBB Y 4.50000000 31.00000000 67.00001000 4.14644600 31.00000000 66.64645000 5.00000000 31.00000000 66.50000000 8.00000000
//-collider
COAABB Y -14.000 31.000 85.000 -13.500 39.000 89.500
//-collider
COAABB Y 2.500 31.000 -3.500 3.000 39.000 -2.500
//collider
COAABB N -30.500 30.750 11.500 -29.500 36.750 12.500
//-collider
COOBB Y -164.50000000 31.00000000 4.50000000 -164.85350000 31.00000000 4.85355400 -165.50000000 31.00000000 3.50000000 8.00000000
//collider
COAABB N -92.500 23.000 50.000 -92.000 31.000 66.000
//collider
COOBB N -19.50000000 31.00000000 68.50000000 -19.85355000 31.00000000 68.85355000 -34.00000000 31.00000000 54.00000000 8.00000000
//-collider
COAABB Y -3.000 31.000 -3.000 -2.000 39.000 -2.500
//collider
COAABB N -122.000 27.000 25.500 -98.000 35.000 26.000
//collider
COAABB N -19.500 31.000 -21.500 -15.500 39.000 -21.000
//-collider
COOBB Y 14.00000000 31.00000000 83.49999000 14.35355000 31.00000000 83.85355000 13.00000000 31.00000000 84.50000000 8.00000000
//collider
COOBB N -223.00000000 27.00000000 19.00000000 -222.64650000 27.00000000 18.64645000 -216.00000000 27.00000000 26.00000000 8.00000000
//collider
COAABB N -176.500 31.000 -8.000 -176.000 39.000 2.000
//-collider
COAABB Y -14.000 31.000 -27.500 -13.500 39.000 -23.000
//-collider
COOBB Y -170.50000000 31.00000000 63.50000000 -170.85350000 31.00000000 63.14645000 -169.50000000 31.00000000 62.50000000 8.00000000
//collider
COAABB N -20.000 31.000 -21.000 -19.500 39.000 -6.500
//-collider
COOBB Y -169.50000000 31.00000000 71.50000000 -169.85350000 31.00000000 71.85355000 -170.50000000 31.00000000 70.49999000 8.00000000
//collider
COOBB N -87.70711000 19.00000000 74.00000000 -87.00000000 19.00000000 73.29289000 -87.00000000 19.00000000 74.70711000 6.00000000
//-collider
COOBB Y -152.50000000 31.00000000 -9.50000000 -152.14650000 31.00000000 -9.85355400 -151.50000000 31.00000000 -8.50000000 8.00000000
//-collider
COAABB Y -10.500 31.000 -4.000 -3.000 39.000 -3.500
//-collider
COAABB Y -159.000 31.000 56.000 -158.000 39.000 56.500
//collider
COAABB N -178.500 30.750 11.500 -177.500 36.750 12.500
//-collider
COAABB Y -163.500 31.000 56.000 -163.000 39.000 57.500
//collider
COOBB N 98.50000000 27.50000000 52.50000000 98.14645000 27.50000000 52.85355000 94.50001000 27.50000000 48.50000000 11.50000000
//-collider
COAABB Y -164.000 31.000 56.000 -163.500 39.000 57.000
//collider
COAABB N -76.000 27.000 25.500 -52.000 35.000 26.000
//-collider
COOBB Y -157.50000000 31.00000000 57.50000000 -157.14650000 31.00000000 57.14645000 -156.50000000 31.00000000 58.50000000 8.00000000
//collider
COAABB N -251.000 30.000 9.500 -241.500 38.000 10.000
//collider
COAABB N -176.500 31.000 60.000 -176.000 39.000 70.000
//-collider
COOBB Y -238.50000000 27.00000000 25.00000000 -238.85350000 27.00000000 24.64645000 -237.50000000 27.00000000 24.00000000 8.00000000
//collider
COAABB N 19.500 31.000 -21.000 20.000 39.000 -6.500
//collider
COOBB N -34.00000000 27.00000000 54.00000000 -34.35355000 27.00000000 54.35355000 -40.00000000 27.00000000 48.00000000 12.00000000
//-collider
COAABB Y 13.500 31.000 85.000 14.000 39.000 89.500
//collider
COAABB N 52.000 27.000 25.500 60.000 35.000 26.000
//collider
COAABB N -144.500 30.750 49.500 -143.500 36.750 50.500
//-collider
COAABB Y -172.000 31.000 64.500 -170.500 39.000 65.000
//-collider
COAABB Y 2.000 31.000 94.000 2.500 39.000 95.500
//-collider
COAABB Y -233.500 27.000 28.000 -232.500 35.000 29.000
//-collider
COOBB Y -13.50000000 31.00000000 -13.00000000 -13.85355000 31.00000000 -13.35355000 -13.00000000 31.00000000 -13.50000000 8.00000000
//-collider
COAABB Y -150.500 31.000 69.000 -150.000 39.000 70.000
//-collider
COAABB Y -9.500 31.000 66.000 -5.000 39.000 66.500
//-collider
COAABB Y -3.000 31.000 95.000 -2.000 39.000 95.500
//-collider
COOBB Y -14.50000000 31.00000000 -7.50000000 -14.14645000 31.00000000 -7.14644600 -15.50000000 31.00000000 -6.50000000 8.00000000
//collider
COAABB N 29.500 30.750 11.500 30.500 36.750 12.500
//-collider
COOBB Y 4.50000000 31.00000000 -31.00000000 4.14644600 31.00000000 -31.35355000 5.00000000 31.00000000 -31.50000000 8.00000000
//-collider
COAABB Y -15.500 31.000 82.000 -15.000 39.000 83.000
//collider
COAABB N -138.500 27.000 17.500 -137.500 33.000 18.500
//collider
COAABB N 68.000 31.000 36.000 76.000 39.000 36.500
//-collider
COAABB Y -15.500 31.000 82.000 -14.000 39.000 82.500
//collider
COOBB N -76.00000000 27.00000000 36.00000000 -75.64645000 27.00000000 36.35355000 -82.00001000 27.00000000 42.00000000 8.00000000
//-collider
COAABB Y -151.500 31.000 -3.000 -150.000 39.000 -2.500
//collider
COAABB N -82.000 23.000 50.000 -81.500 31.000 66.000
//collider
COOBB N -168.00000000 31.00000000 10.00000000 -167.64650000 31.00000000 10.35355000 -174.00000000 31.00000000 16.00000000 8.00000000
//collider
COAABB N -3.000 31.000 99.500 3.000 39.000 100.000
//collider
COAABB N -122.000 27.000 36.000 -98.000 35.000 36.500
//-collider
COOBB Y -169.50000000 31.00000000 -0.49999990 -169.85350000 31.00000000 -0.14644650 -170.50000000 31.00000000 -1.50000000 8.00000000
//collider
COAABB N 104.000 27.500 46.500 113.000 35.500 47.000
//collider
COAABB N 68.000 31.000 25.500 76.000 39.000 26.000
//collider
COAABB N -176.000 31.000 -8.500 -172.000 39.000 -8.000
//collider
COOBB N -148.00000000 27.00000000 46.00000000 -148.35350000 27.00000000 45.64645000 -142.00000000 27.00000000 40.00000000 12.00000000
//collider
COAABB N 60.000 27.000 36.000 68.000 39.000 36.500
//collider
COOBB N -26.00000000 27.00000000 16.00000000 -25.64645000 27.00000000 16.35355000 -32.00000000 27.00000000 22.00000000 12.00000000
//-collider
COAABB Y -15.500 31.000 77.000 -15.000 39.000 78.000
//collider
COOBB N 11.50000000 31.00000000 60.50000000 11.14645000 31.00000000 60.14645000 26.00000000 31.00000000 46.00000000 8.00000000
//collider
COAABB N -164.000 31.000 82.000 -158.000 39.000 82.500
//-collider
COAABB Y -239.000 27.000 34.000 -238.500 35.000 37.000
//collider
COAABB N 35.500 27.000 17.500 36.500 33.000 18.500
//-collider
COAABB Y -10.500 31.000 65.500 -3.000 39.000 66.000
//collider
COOBB N 26.00000000 27.00000000 46.00000000 25.64645000 27.00000000 45.64645000 32.00000000 27.00000000 40.00000000 12.00000000
//-collider
COAABB Y -150.500 31.000 64.000 -150.000 39.000 65.000
//collider
COAABB N -216.000 27.000 36.000 -200.000 35.000 36.500
//-collider
COOBB Y 13.00000000 31.00000000 -22.50000000 13.35355000 31.00000000 -22.85355000 14.00000000 31.00000000 -21.50000000 8.00000000
//-collider
COAABB Y -164.000 31.000 5.000 -163.500 39.000 6.000
//-collider
COAABB Y -15.500 31.000 -16.000 -14.000 39.000 -15.500
//collider
COOBB N -152.00000000 27.00000000 33.00000000 -151.64650000 27.00000000 33.35355000 -159.00000000 27.00000000 40.00000000 8.00000000
//collider
COAABB N -8.500 23.000 43.500 11.500 31.000 44.000
//collider
COOBB N -182.00000000 31.00000000 8.00000000 -182.35350000 31.00000000 7.64644700 -176.00000000 31.00000000 1.99999900 8.00000000
//-collider
COOBB Y -170.00000000 31.00000000 72.00001000 -170.35350000 31.00000000 71.64645000 -169.50000000 31.00000000 71.50000000 8.00000000
//-collider
COOBB Y -165.50000000 31.00000000 3.50000000 -165.14650000 31.00000000 3.85355400 -166.00000000 31.00000000 4.00000000 8.00000000
//collider
COOBB N -146.00000000 31.00000000 2.00000000 -145.64650000 31.00000000 1.64644700 -140.00000000 31.00000000 8.00000000 8.00000000
//-collider
COAABB Y -164.000 31.000 77.500 -163.000 39.000 78.000
//-collider
COAABB Y 112.000 31.000 26.500 116.000 39.000 27.000
//-collider
COAABB Y -151.000 31.000 64.000 -150.000 39.000 64.500
//-collider
COAABB Y 2.000 31.000 65.500 3.500 39.000 66.000
//-collider
COAABB Y -164.500 31.000 76.500 -163.000 39.000 77.000
//-collider
COAABB Y -3.000 31.000 -33.500 -2.000 39.000 -33.000
//collider
COOBB N 94.00000000 31.00000000 14.00000000 94.34627000 31.00000000 13.63931000 106.50000000 31.00000000 26.00000000 8.00000000
//-collider
COOBB Y 15.50000000 31.00000000 -6.50000000 15.14645000 31.00000000 -6.14644600 14.50000000 31.00000000 -7.50000000 8.00000000
//-collider
COOBB Y -13.00000000 31.00000000 75.50000000 -13.35355000 31.00000000 75.85355000 -13.50000000 31.00000000 74.99999000 8.00000000
//collider
COAABB N -82.000 23.000 -4.500 -81.500 31.000 12.000
//collider
COAABB N 60.000 27.000 25.500 68.000 39.000 26.000
//-collider
COOBB Y 14.50000000 31.00000000 69.50001000 14.14645000 31.00000000 69.14645000 15.50000000 31.00000000 68.50000000 8.00000000
//-collider
COAABB Y 14.000 31.000 77.500 15.500 39.000 78.000
//collider
COOBB N 98.50000000 27.50000000 52.50000000 98.14645000 27.50000000 52.85355000 94.50001000 27.50000000 48.50000000 11.50000000
//-collider
COAABB Y -247.500 30.000 40.500 -242.500 38.000 41.000
//collider
COOBB N -170.00000000 27.00000000 29.00000000 -170.35350000 27.00000000 28.64645000 -163.00000000 27.00000000 22.00000000 8.00000000
//collider
COOBB N -180.00000000 27.00000000 40.00000000 -179.64650000 27.00000000 39.64645000 -174.00000000 27.00000000 46.00000000 12.00000000
//-collider
COAABB Y -2.500 31.000 -33.500 -2.000 39.000 -32.000
//collider
COOBB N 89.00000000 31.00000000 48.50000000 88.65344000 31.00000000 48.86042000 76.00000000 31.00000000 36.00000000 8.00000000
//collider
COOBB N 76.00000000 31.00000000 26.00000000 75.65373000 31.00000000 25.63931000 88.50000000 31.00000000 14.00000000 8.00000000
//-collider
COOBB Y -165.50000000 31.00000000 -13.50000000 -165.85350000 31.00000000 -13.85355000 -164.50000000 31.00000000 -14.50000000 8.00000000
//collider
COOBB N -32.00000000 27.00000000 22.00000000 -31.64645000 27.00000000 22.35355000 -41.00000000 27.00000000 31.00000000 8.00000000
//-collider
COAABB Y 89.750 31.000 37.000 92.750 39.000 40.000
//collider
COOBB N 19.50000000 31.00000000 -6.50000000 19.85355000 31.00000000 -6.85355300 34.00000000 31.00000000 7.99999900 8.00000000
//-collider
COAABB Y -171.000 31.000 -3.000 -170.500 39.000 -1.500
//-collider
COOBB Y -172.00000000 31.00000000 2.00000000 -171.64650000 31.00000000 1.64644700 -168.00000000 31.00000000 6.00000000 8.00000000
//-collider
COAABB Y -164.000 31.000 56.000 -163.000 39.000 56.500
//collider
COOBB N -140.00000000 31.00000000 54.00000000 -139.64650000 31.00000000 54.35355000 -146.00000000 31.00000000 60.00000000 8.00000000
//-collider
COOBB Y -241.50000000 30.00000000 20.00000000 -241.14650000 30.00000000 20.35355000 -242.50000000 30.00000000 21.00000000 8.00000000
//collider
COAABB N -150.000 31.000 70.000 -146.000 39.000 70.500
//-collider
COAABB Y -239.000 27.000 25.000 -238.500 35.000 28.000
//-collider
COAABB Y -167.000 31.000 4.500 -164.000 39.000 5.000
//-collider
COOBB Y -4.50000000 31.00000000 -5.00000000 -4.14644600 31.00000000 -4.64644600 -5.00000000 31.00000000 -4.50000000 8.00000000
//collider
COAABB N -158.000 31.000 -20.000 -157.500 39.000 -16.000
//collider
COOBB N 113.00000000 27.50000000 47.00000000 113.35350000 27.50000000 46.64645000 119.00000000 27.50000000 53.00000000 8.00000000
//collider
COAABB N -8.500 23.000 18.000 11.500 31.000 18.500
//collider
COAABB N -159.000 31.000 49.000 -158.500 39.000 52.000
//collider
COAABB N -186.500 27.000 33.000 -170.000 35.000 33.500
//collider
COAABB N -11.500 31.000 60.000 11.500 39.000 60.500
//-collider
COOBB Y -152.50000000 31.00000000 62.50000000 -152.14650000 31.00000000 62.14645000 -151.50000000 31.00000000 63.50000000 8.00000000
//collider
COOBB N -92.00000000 19.00000000 -12.00000000 -92.35355000 19.00000000 -11.64645000 -99.50000000 19.00000000 -19.50000000 8.00000000
//collider
COAABB N -82.000 19.000 -12.000 -81.500 31.000 -4.500
//collider
COOBB N 120.00000000 24.00000000 74.00000000 119.64650000 24.00000000 74.35355000 118.00000000 24.00000000 71.99999000 8.00000000
//-collider
COOBB Y -156.50000000 31.00000000 75.49999000 -156.14650000 31.00000000 75.85355000 -157.50000000 31.00000000 76.50000000 8.00000000
//-collider
COOBB Y -168.00000000 31.00000000 56.00000000 -167.64650000 31.00000000 56.35355000 -172.00000000 31.00000000 60.00000000 8.00000000
//-collider
COAABB Y -15.500 31.000 77.500 -14.000 39.000 78.000
//collider
COAABB N -89.500 19.000 96.500 -84.500 27.000 97.000
//collider
COOBB N -74.50000000 19.00000000 -19.50000000 -74.14645000 19.00000000 -19.14645000 -82.00000000 19.00000000 -12.00000000 8.00000000
//collider
COAABB N 31.000 27.000 36.000 36.000 35.000 36.500
//-collider
COAABB Y -3.500 31.000 -4.000 -2.000 39.000 -3.500
//-collider
COOBB Y -151.50000000 31.00000000 70.49999000 -151.14650000 31.00000000 70.85355000 -152.50000000 31.00000000 71.50000000 8.00000000
//-collider
COAABB Y -163.500 31.000 -16.000 -163.000 39.000 -14.500
//-collider
COAABB Y -171.000 31.000 63.500 -170.500 39.000 65.000
//-collider
COAABB Y -159.000 31.000 76.500 -157.500 39.000 77.000
//-collider
COOBB Y 9.49999800 31.00000000 66.50000000 9.85355100 31.00000000 66.14645000 13.50000000 31.00000000 70.50001000 8.00000000
//-collider
COOBB Y 15.50000000 31.00000000 68.50000000 15.14645000 31.00000000 68.85355000 11.50000000 31.00000000 64.49999000 8.00000000
//collider
COAABB N -19.500 31.000 83.000 -15.500 39.000 83.500
//-collider
COOBB Y -151.50000000 31.00000000 -1.50000000 -151.14650000 31.00000000 -1.14644700 -152.50000000 31.00000000 -0.50000000 8.00000000
//-collider
COAABB Y 2.000 31.000 -3.000 3.000 39.000 -2.500
//collider
COAABB N 31.000 27.000 25.500 36.000 35.000 26.000
//-collider
COOBB Y -5.00000000 31.00000000 66.50000000 -4.64644700 31.00000000 66.14645000 -4.50000000 31.00000000 67.00001000 8.00000000
//-collider
COAABB Y -233.500 27.000 33.000 -232.500 35.000 34.000
//-collider
COAABB Y 14.000 31.000 -20.500 15.500 39.000 -20.000
//-collider
COOBB Y 4.50000100 31.00000000 92.99999000 4.85355400 31.00000000 93.35355000 3.50000000 31.00000000 94.00000000 8.00000000
//collider
COAABB N -82.000 19.000 66.000 -81.500 31.000 74.000
//collider
COOBB N 118.00000000 24.00000000 72.00000000 117.64650000 24.00000000 72.35355000 113.50000000 24.00000000 67.49999000 11.50000000
//-collider
COAABB Y -14.500 31.000 -21.500 -14.000 39.000 -20.000
//collider
COOBB N -236.50000000 30.00000000 47.00000000 -236.14650000 30.00000000 47.35355000 -241.50000000 30.00000000 52.00000000 8.00000000
//-collider
COOBB Y 5.00000000 31.00000000 93.50000000 4.64644700 31.00000000 93.85355000 4.50000000 31.00000000 92.99999000 8.00000000
//-collider
COAABB Y -159.000 31.000 -15.000 -157.500 39.000 -14.500
//collider
COAABB N -82.000 23.000 42.000 -81.500 35.000 50.000
//collider
COOBB N 52.00000000 27.00000000 36.00000000 52.35355000 27.00000000 36.35355000 40.00000000 27.00000000 48.00000000 8.00000000
//-collider
COOBB Y 10.50000000 31.00000000 -3.50000000 10.85355000 31.00000000 -3.85355300 11.50000000 31.00000000 -2.50000000 8.00000000
//-collider
COAABB Y -151.500 31.000 63.500 -151.000 39.000 65.000
//-collider
COOBB Y -157.50000000 31.00000000 -14.50000000 -157.14650000 31.00000000 -14.85355000 -156.50000000 31.00000000 -13.50000000 8.00000000
//-collider
COAABB Y -15.500 31.000 77.000 -14.500 39.000 77.500
//-collider
COAABB Y -3.000 31.000 -3.500 -2.500 39.000 -2.500
//collider
COOBB N -86.29289000 22.62500000 -3.99999700 -87.00000000 22.62500000 -3.29289300 -87.00000000 22.62500000 -4.70710700 6.00000000
//collider
COAABB N 3.000 31.000 95.500 3.500 39.000 99.500
//collider
COOBB N -236.50000000 27.00000000 15.00000000 -236.14650000 27.00000000 14.64645000 -232.50000000 27.00000000 19.00000000 11.00000000
//collider
COAABB N -30.500 30.750 49.500 -29.500 36.750 50.500
//collider
COOBB N -98.00000000 27.00000000 26.00000000 -98.35355000 27.00000000 25.64645000 -91.99999000 27.00000000 20.00000000 8.00000000
//-collider
COAABB Y -238.500 27.000 28.500 -237.500 35.000 29.000
//collider
COAABB N -186.500 27.000 28.500 -170.000 35.000 29.000
//-collider
COAABB Y -159.000 31.000 4.500 -158.500 39.000 6.000
//-collider
COAABB Y 14.000 31.000 82.000 14.500 39.000 83.500
//collider
COOBB N 125.50000000 24.00000000 69.00000000 125.83630000 24.00000000 69.36997000 120.00000000 24.00000000 73.99999000 8.00000000
//collider
COAABB N -3.500 31.000 -37.500 -3.000 39.000 -33.500
//collider
COOBB N -99.50000000 19.00000000 -24.50000000 -99.85355000 19.00000000 -24.85355000 -89.50000000 19.00000000 -34.50000000 8.00000000
//collider
COOBB N -176.00000000 31.00000000 60.00000000 -176.35350000 31.00000000 60.35355000 -182.00000000 31.00000000 54.00000000 8.00000000
//collider
COAABB N -163.500 27.000 20.000 -163.000 35.000 22.000
//collider
COOBB N -82.00000000 19.00000000 74.00001000 -81.64645000 19.00000000 73.64645000 -74.50001000 19.00000000 81.50000000 8.00000000
//-collider
COOBB Y -4.50000100 31.00000000 -31.00000000 -4.85355400 31.00000000 -31.35355000 -3.50000000 31.00000000 -32.00000000 8.00000000
//-collider
COOBB Y -241.50000000 27.00000000 42.00000000 -241.85350000 27.00000000 41.64645000 -237.50000000 27.00000000 38.00000000 11.00000000
//-collider
COAABB Y -239.000 27.000 29.000 -238.500 35.000 33.000
