COCOUNT 688
//-collider
COAABB Y 251.421 -93.733 125.685 262.289 -77.720 126.212
//-collider
COAABB Y 299.290 -87.210 -193.450 309.657 -71.210 -192.934
//collider
COOBB N 350.17400000 -82.08463000 -12.00367000 350.51970000 -82.08463000 -12.36492000 352.54210000 -82.08463000 -9.73755100 16.00000000
//-collider
COOBB Y 176.33400000 -98.86048000 11.98947000 175.99140000 -98.86048000 12.35359000 175.26300000 -98.86048000 10.98161000 16.00000000
//collider
COOBB N 97.19179000 -106.24690000 7.94819500 96.77985000 -106.24690000 8.23158000 95.36078000 -106.24690000 5.28657300 16.00000000
//-collider
COOBB Y 340.58650000 -82.08463000 -31.90518000 340.23350000 -82.08463000 -32.25922000 344.01730000 -82.08463000 -35.32666000 16.00000000
//-collider
COOBB Y 306.46450000 -87.21027000 155.70160000 306.77610000 -87.21027000 155.31060000 308.53010000 -87.21027000 157.34810000 16.00000000
//-collider
COOBB Y 270.53410000 -87.21027000 -168.43270000 270.97500000 -87.21027000 -168.66850000 271.54890000 -87.21027000 -166.53500000 16.00000000
//-collider
COAABB Y 298.701 -93.419 -71.862 299.205 -77.389 -60.190
//-collider
COOBB Y 354.09250000 -84.64011000 73.71632000 354.41560000 -84.64011000 74.09789000 353.11530000 -84.64011000 74.54379000 16.00000000
//-collider
COOBB Y 300.46800000 -87.21027000 157.25780000 300.17270000 -87.21027000 156.85430000 302.40680000 -87.21027000 155.83890000 16.00000000
//-collider
COAABB Y 322.751 -93.757 -125.135 323.281 -77.757 -90.809
//-collider
COOBB Y 262.28880000 -93.75732000 133.70140000 262.78710000 -93.75732000 133.74180000 262.04120000 -93.75732000 136.75040000 16.00000000
//-collider
COOBB Y 388.41170000 -82.08463000 -6.00998400 388.05690000 -82.08463000 -6.36229800 389.12860000 -82.08463000 -6.73201200 16.00000000
//-collider
COOBB Y 310.99060000 -87.21027000 -189.89260000 310.79640000 -87.21027000 -190.35340000 314.19510000 -87.21027000 -191.24260000 16.00000000
//-collider
COAABB Y 348.762 -82.085 24.162 380.221 -66.085 24.686
//-collider
COOBB Y 320.36090000 -87.21027000 180.26810000 320.83770000 -87.21027000 180.11760000 321.24250000 -87.21027000 183.06120000 16.00000000
//-collider
COOBB Y 342.50760000 -84.55911000 49.59833000 342.00780000 -84.55911000 49.58546000 342.55130000 -84.55911000 47.90311000 16.00000000
//-collider
COOBB Y 346.95320000 -84.64011000 74.45048000 346.59150000 -84.64011000 74.79577000 346.01040000 -84.64011000 73.46311000 16.00000000
//-collider
COAABB Y 252.500 -94.314 -59.692 261.535 -78.314 -59.183
//-collider
COOBB Y 320.23800000 -87.21027000 -167.77190000 320.70830000 -87.21027000 -167.94170000 321.30940000 -87.21027000 -164.80400000 16.00000000
//-collider
COOBB Y 288.78930000 -87.21027000 -167.74070000 288.67290000 -87.21027000 -167.25450000 285.77480000 -87.21027000 -168.46200000 16.00000000
//collider
COOBB N 35.77056000 -106.24690000 21.00557000 36.05433000 -106.24690000 21.41724000 32.73387000 -106.24690000 23.09877000 16.00000000
//-collider
COOBB Y 350.96010000 -84.64011000 74.46934000 350.60920000 -84.64011000 74.82552000 350.05080000 -84.64011000 73.57355000 16.00000000
//-collider
COOBB Y 367.99640000 -84.64011000 63.46272000 367.65640000 -84.64011000 63.09611000 368.92250000 -84.64011000 62.60381000 16.00000000
//-collider
COOBB Y 298.14320000 -87.21027000 -156.34210000 297.81980000 -87.21027000 -155.96070000 288.13100000 -87.21027000 -164.83010000 16.00000000
//-collider
COOBB Y 174.51520000 -98.86048000 -13.73051000 174.85050000 -98.86048000 -13.35954000 173.42820000 -98.86048000 -12.74817000 16.00000000
//-collider
COOBB Y 274.56960000 -94.31394000 -74.06076000 274.91630000 -94.31394000 -73.70048000 272.55760000 -94.31394000 -72.12452000 16.00000000
//-collider
COAABB Y 309.745 -93.757 -71.770 310.261 -77.748 -60.348
//-collider
COOBB Y 137.72080000 -106.24690000 -5.92549500 138.20950000 -106.24690000 -5.81997900 137.49020000 -106.24690000 -4.85728500 16.00000000
//collider
COAACYLINDER N 268.476 -89.238 -159.072 0.700 2.980
//-collider
COOBB Y 297.89980000 -87.21027000 155.86720000 298.13780000 -87.21027000 155.42750000 300.46800000 -87.21027000 157.25780000 16.00000000
//-collider
COOBB Y 157.34970000 -101.72290000 13.05288000 156.98950000 -101.72290000 12.70612000 158.37510000 -101.72290000 11.98767000 16.00000000
//-collider
COAABB Y 418.306 -82.085 -5.368 418.852 -66.085 5.321
//-collider
COOBB Y 308.47970000 -87.21027000 -157.93530000 308.86030000 -87.21027000 -157.61100000 306.68340000 -87.21027000 -155.82770000 16.00000000
//-collider
COOBB Y 362.07120000 -84.64011000 73.63521000 362.39860000 -84.64011000 74.01312000 361.10370000 -84.64011000 74.47333000 16.00000000
//-collider
COAABB Y 344.237 -82.085 -25.520 344.751 -66.085 -23.699
//-collider
COAABB Y 337.047 -84.640 64.029 341.917 -68.640 64.546
//collider
COOBB N 352.98000000 -82.08463000 9.67714500 353.31700000 -82.08463000 10.04658000 350.30110000 -82.08463000 12.12024000 16.00000000
//-collider
COOBB Y 201.68520000 -92.54601000 123.17280000 201.87450000 -92.54601000 123.63560000 198.83000000 -92.54601000 124.34050000 16.00000000
//-collider
COAABB Y 262.514 -94.314 -72.296 266.190 -78.314 -71.771
//-collider
COOBB Y 264.97240000 -87.21027000 -150.38910000 264.65250000 -87.21027000 -150.00490000 260.55580000 -87.21027000 -154.06580000 16.00000000
//-collider
COOBB Y 344.72290000 -93.75732000 102.32220000 345.05450000 -93.75732000 101.94790000 345.44480000 -93.75732000 102.96150000 16.00000000
//-collider
COAABB Y 388.730 -82.085 6.854 389.253 -66.085 24.702
//-collider
COOBB Y 310.46210000 -88.09631000 143.37620000 310.45400000 -88.09631000 143.87610000 306.80900000 -88.09631000 143.31670000 16.00000000
//-collider
COOBB Y 272.06530000 -87.21027000 -150.39480000 271.72030000 -87.21027000 -150.03290000 270.74290000 -87.21027000 -151.65550000 16.00000000
//-collider
COAABB Y 299.224 -78.398 -24.317 303.157 -62.388 -23.796
//-collider
COOBB Y 281.99800000 -88.09631000 122.42760000 282.36730000 -88.09631000 122.09050000 286.44040000 -88.09631000 127.29440000 16.00000000
//-collider
COOBB Y 271.54890000 -87.21027000 -166.53500000 271.33240000 -87.21027000 -166.98560000 273.33300000 -87.21027000 -167.39220000 16.00000000
//-collider
COAABB Y 295.076 -88.096 143.394 296.392 -72.096 143.894
//-collider
COOBB Y 158.31620000 -101.72290000 -5.85134100 157.96320000 -101.72290000 -5.49729800 157.37640000 -101.72290000 -6.78853000 16.00000000
//-collider
COOBB Y 358.98640000 -84.64011000 74.47056000 358.65600000 -84.64011000 74.84580000 358.04850000 -84.64011000 73.64463000 16.00000000
//-collider
COAABB Y 296.965 -78.477 14.033 297.466 -62.477 15.797
//-collider
COAABB Y 242.496 -93.757 -137.672 262.260 -77.757 -137.170
//collider
COOBB N 25.25210000 -106.24690000 -20.41774000 24.91862000 -106.24690000 -20.79029000 28.22784000 -106.24690000 -23.08141000 16.00000000
//-collider
COAABB Y 157.389 -101.723 23.150 167.546 -80.624 23.684
//-collider
COAABB Y 310.701 -93.757 136.679 330.431 -77.757 137.185
//-collider
COOBB Y -4.48837900 -106.24690000 -4.95851500 -4.91754500 -106.24690000 -4.70196900 -5.06343800 -106.24690000 -5.92051000 16.00000000
//-collider
COOBB Y 286.07270000 -87.21027000 168.70510000 285.85640000 -87.21027000 168.25430000 288.86390000 -87.21027000 167.36590000 16.00000000
//-collider
COAABB Y 309.680 -87.210 -155.675 310.259 -71.210 -144.315
//-collider
COOBB Y 226.65040000 -92.54601000 105.33470000 226.15050000 -92.54601000 105.32290000 226.72260000 -92.54601000 102.28940000 16.00000000
//collider
COOBB N 351.84910000 -82.08463000 -13.59442000 351.49260000 -82.08463000 -13.94501000 356.63590000 -82.08463000 -18.46186000 16.00000000
//-collider
COAABB Y 309.700 -78.260 24.354 310.259 -62.206 35.572
//-collider
COOBB Y 333.77150000 -93.75732000 81.71524000 334.27150000 -93.75732000 81.72012000 333.58860000 -93.75732000 100.46640000 16.00000000
//-collider
COOBB Y 210.21340000 -96.62414000 3.90399800 210.62220000 -96.62414000 4.19185800 209.28230000 -96.62414000 5.22638600 16.00000000
//-collider
COOBB Y 299.04460000 -78.49551000 -6.36980900 299.40450000 -78.49551000 -6.02271600 297.09130000 -78.49551000 -4.34442400 16.00122000
//-collider
COAABB Y 333.614 -93.757 -134.046 334.162 -77.757 -82.158
//-collider
COOBB Y 201.75380000 -92.54601000 91.75541000 201.28870000 -92.54601000 91.57178000 202.84700000 -92.54601000 88.98666000 16.00000000
//collider
COOBB N 358.85080000 -84.55911000 55.41266000 358.35170000 -84.55911000 55.44237000 358.73040000 -84.55911000 53.38978000 16.00000000
//-collider
COOBB Y 350.26920000 -93.75732000 90.12538000 349.76930000 -93.75732000 90.13617000 350.22110000 -93.75732000 87.89568000 16.00000000
//-collider
COOBB Y 321.47160000 -87.21027000 164.85160000 321.92430000 -87.21027000 165.06370000 320.37190000 -87.21027000 167.19920000 16.00000000
//-collider
COOBB Y -4.51270500 -106.24690000 4.70289600 -4.91168600 -106.24690000 5.00425000 -5.39568500 -106.24690000 3.53386300 16.00000000
//-collider
COAABB Y 138.388 -106.247 -3.813 138.898 -90.247 -2.485
//-collider
COOBB Y 167.86910000 -98.86048000 7.01170600 168.36910000 -98.86048000 7.01838400 167.81680000 -98.86048000 10.93253000 16.00000000
//-collider
COOBB Y 139.89320000 -101.72290000 5.42146500 139.49200000 -101.72290000 5.71982700 138.55850000 -101.72290000 3.62652000 16.00000000
//collider
COOBB N 111.21000000 -106.24690000 6.03586400 110.96260000 -106.24690000 6.47038500 109.74170000 -106.24690000 5.19999500 16.00000000
//-collider
COOBB Y 176.28550000 -98.86048000 -11.95975000 175.93190000 -98.86048000 -11.60625000 174.51520000 -98.86048000 -13.73051000 16.00000000
//-collider
COOBB Y 137.49020000 -106.24690000 -4.85728600 137.86990000 -106.24690000 -5.18259500 138.38770000 -106.24690000 -3.80965600 16.00000000
//-collider
COOBB Y 158.41960000 -101.72290000 6.13959000 158.05560000 -101.72290000 6.48238200 156.72170000 -101.72290000 4.33665000 16.00000000
//-collider
COOBB Y 278.85690000 -88.43869000 -141.56660000 278.86360000 -88.43869000 -142.06660000 282.06690000 -88.43869000 -141.52420000 16.00000000
//collider
COAABB N 35.690 -106.247 -20.507 36.263 -90.247 -7.740
//-collider
COAABB Y 344.099 -82.085 35.456 357.808 -66.085 35.966
//-collider
COOBB Y 310.33020000 -94.31394000 -79.83826000 310.68130000 -94.31394000 -79.48226000 308.44370000 -94.31394000 -77.97784000 16.00000000
//-collider
COAABB Y 311.424 -78.530 -22.036 311.926 -62.525 -19.990
//-collider
COAABB Y 298.712 -78.388 -36.083 299.226 -62.383 -24.317
//-collider
COOBB Y 309.71570000 -78.20645000 23.85687000 309.69990000 -78.20645000 24.35662000 305.91550000 -78.20645000 23.73641000 16.02662000
//-collider
COOBB Y 191.45720000 -92.54601000 116.79190000 190.98570000 -92.54601000 116.62530000 192.43850000 -92.54601000 114.01450000 16.00000000
//-collider
COAABB Y 344.235 -82.085 23.784 344.748 -66.085 25.485
//-collider
COAABB Y 266.781 -88.096 140.762 282.178 -72.096 141.264
//-collider
COOBB Y 264.62720000 -88.43869000 -138.06530000 264.28390000 -88.43869000 -137.70190000 262.54020000 -88.43869000 -140.03700000 16.00000000
//-collider
COAABB Y 348.308 -82.085 23.836 348.814 -66.085 25.447
//-collider
COAABB Y 309.744 -93.485 35.573 310.259 -62.260 60.125
//-collider
COOBB Y 168.55540000 -96.62414000 22.22020000 168.90080000 -96.62414000 22.58175000 167.54600000 -96.62414000 23.18448000 16.00000000
//-collider
COAABB Y 238.718 -93.757 -133.988 239.318 -77.757 -82.166
//-collider
COOBB Y 308.42080000 -88.43869000 -138.00360000 308.76810000 -88.43869000 -138.36330000 310.31190000 -88.43869000 -136.17770000 16.00000000
//-collider
COOBB Y 167.75140000 -98.86048000 5.08024800 168.13840000 -98.86048000 5.39678400 166.99790000 -98.86048000 6.00149400 16.00000000
//-collider
COOBB Y 343.40110000 -84.64011000 74.49019000 342.97670000 -84.64011000 74.75452000 342.11330000 -84.64011000 72.42242000 16.00000000
//-collider
COAABB Y 139.893 -101.723 5.380 155.612 -85.723 5.921
//collider
COOBB N 260.83310000 -94.31394000 8.02144000 261.32580000 -94.31394000 8.10658300 260.49320000 -94.31394000 9.98870800 16.00000000
//collider
COOBB N 375.54510000 -82.08463000 9.66540100 375.88890000 -82.08463000 10.02840000 373.93470000 -82.08463000 11.19089000 16.00000000
//-collider
COAABB Y 357.716 -93.757 90.317 358.217 -77.757 109.492
//collider
COOBB N 95.36078000 -106.24690000 5.28657400 95.61856000 -106.24690000 5.71500300 94.13344000 -106.24690000 6.02504300 16.00000000
//collider
COOBB N 107.76050000 -106.24690000 -7.75559300 108.14720000 -106.24690000 -8.07254000 109.77500000 -106.24690000 -5.29766200 16.00000000
//-collider
COOBB Y 157.31840000 -101.72290000 7.23804900 156.96530000 -101.72290000 6.88405500 158.41960000 -101.72290000 6.13958500 16.00000000
//-collider
COOBB Y 294.81690000 -93.97121000 71.62796000 294.80190000 -93.97121000 71.12819000 296.48850000 -93.97121000 71.57803000 16.00000000
//-collider
COOBB Y 174.59130000 -96.62414000 22.25529000 174.91670000 -96.62414000 22.63487000 173.55050000 -96.62414000 23.14761000 16.00000000
//-collider
COOBB Y 295.06510000 -88.43869000 -143.93800000 295.07930000 -88.43869000 -144.43780000 296.56130000 -88.43869000 -143.89560000 16.00000000
//collider
COAABB N 100.325 -106.247 23.110 104.762 -90.247 23.640
//-collider
COOBB Y 273.63350000 -94.31394000 -51.92952000 273.99570000 -94.31394000 -51.58486000 270.72100000 -94.31394000 -48.86851000 16.00000000
//collider
COOBB N 377.66360000 -82.08463000 11.71931000 377.31560000 -82.08463000 12.07830000 375.54510000 -82.08463000 9.66540100 16.00000000
//-collider
COAABB Y 238.733 -93.757 81.550 239.249 -77.757 100.603
//-collider
COAABB Y 384.265 -82.085 -25.635 384.776 -66.085 -23.805
//collider
COAABB N 345.200 -82.085 -7.563 345.807 -66.085 7.740
//collider
COOBB N 275.39920000 -94.31394000 5.84527200 275.40550000 -94.31394000 6.34523200 264.48340000 -94.31394000 5.98244100 16.00000000
//-collider
COOBB Y 174.50500000 -98.86048000 13.90424000 174.14340000 -98.86048000 13.55887000 176.33400000 -98.86048000 11.98948000 16.00000000
//-collider
COOBB Y 311.48810000 -78.46126000 22.17565000 311.83200000 -78.46126000 22.53856000 309.65330000 -78.46126000 23.91453000 16.00490000
//-collider
COOBB Y 351.94700000 -84.64011000 63.41538000 351.63140000 -84.64011000 63.02756000 352.95000000 -84.64011000 62.59917000 16.00000000
//-collider
COOBB Y 345.44480000 -93.75732000 102.96150000 345.09990000 -93.75732000 102.59960000 347.31160000 -93.75732000 101.18280000 16.00000000
//-collider
COOBB Y 290.95940000 -94.31394000 -74.60339000 290.57250000 -94.31394000 -74.28671000 286.45500000 -94.31394000 -80.10708000 16.00000000
//-collider
COAABB Y 297.951 -78.505 -12.876 298.459 -62.500 -11.053
//collider
COAABB N 38.655 -106.247 -6.500 94.151 -90.247 -5.998
//-collider
COAABB Y 298.042 -78.481 10.979 298.543 -62.478 12.973
//-collider
COOBB Y 349.10800000 -84.64011000 74.47240000 349.10290000 -84.64011000 74.97237000 346.95320000 -84.64011000 74.45048000 16.00000000
//-collider
COOBB Y 309.73700000 -78.53467000 -23.72751000 310.09090000 -78.53467000 -24.08081000 311.42630000 -78.53467000 -22.03578000 16.00490000
//-collider
COOBB Y 250.71870000 -94.31394000 -24.20535000 250.42970000 -94.31394000 -23.79737000 249.31600000 -94.31394000 -25.19920000 16.00000000
//-collider
COOBB Y 267.27040000 -88.09631000 140.98820000 266.88270000 -88.09631000 141.30400000 262.79210000 -88.09631000 135.48870000 16.00000000
//-collider
COAABB Y 375.029 -84.640 64.136 379.875 -68.640 64.663
//-collider
COOBB Y 282.06730000 -93.97121000 74.26089000 282.45370000 -93.97121000 73.94359000 286.44040000 -93.97121000 79.58678000 16.00000000
//-collider
COOBB Y 384.30800000 -82.08463000 23.76562000 384.80770000 -82.08463000 23.78045000 384.25350000 -82.08463000 25.60028000 16.00000000
//-collider
COOBB Y 184.68860000 -96.62414000 -12.05321000 185.06010000 -96.62414000 -12.38787000 185.77990000 -96.62414000 -10.84184000 16.00000000
//collider
COAABB N 368.577 -90.473 75.246 369.087 -74.473 83.585
//-collider
COOBB Y 314.19510000 -87.21027000 -191.24260000 314.55170000 -87.21027000 -191.59310000 321.62380000 -87.21027000 -183.68370000 16.00000000
//collider
COOBB N 248.44430000 -94.31394000 10.04300000 247.94850000 -94.31394000 10.10746000 248.18780000 -94.31394000 8.07005400 16.00000000
//collider
COOBB N 109.74170000 -106.24690000 5.19999700 110.14250000 -106.24690000 5.49896700 107.79830000 -106.24690000 7.80518400 16.00000000
//collider
COOBB N 25.19991000 -106.24690000 7.83504600 24.79166000 -106.24690000 8.12373000 23.32667000 -106.24690000 5.18600800 16.00000000
//-collider
COAABB Y 266.879 -93.971 73.706 282.069 -77.971 74.261
//-collider
COAABB Y 259.175 -94.314 -23.611 260.387 -78.314 -23.104
//-collider
COAABB Y 401.251 -82.085 5.320 418.352 -66.085 5.821
//-collider
COOBB Y 355.94130000 -84.64011000 63.45163000 355.61360000 -84.64011000 63.07403000 356.88310000 -84.64011000 62.63415000 16.00000000
//-collider
COAABB Y 266.830 -93.971 92.761 281.772 -77.971 93.265
//collider
COOBB N 375.51970000 -82.08463000 -9.80226700 375.18430000 -82.08463000 -10.17307000 377.59580000 -82.08463000 -11.68026000 16.00000000
//-collider
COOBB Y 155.62260000 -101.72290000 -5.28768300 155.98760000 -101.72290000 -5.62932500 156.64700000 -101.72290000 -4.19295600 16.00000000
//-collider
COOBB Y 211.52660000 -94.31394000 5.87603500 211.02670000 -94.31394000 5.88749700 211.50040000 -94.31394000 4.73683200 16.00000000
//collider
COAABB N 348.033 -90.473 79.982 357.618 -74.473 80.530
//collider
COAABB N 247.964 -94.314 -23.047 248.490 -78.314 -9.995
//-collider
COOBB Y 374.56290000 -90.47253000 88.08730000 375.06120000 -90.47253000 88.12819000 374.48960000 -90.47253000 88.97987000 16.00000000
//-collider
COOBB Y -5.39568500 -106.24690000 3.53386300 -5.89565800 -106.24690000 3.53905000 -5.46932600 -106.24690000 -3.56360400 16.00000000
//-collider
COAABB Y 139.792 -101.723 -5.854 155.625 -85.723 -5.288
//-collider
COOBB Y 214.73760000 -92.54601000 123.24730000 215.20730000 -92.54601000 123.41870000 213.74210000 -92.54601000 125.97400000 16.00000000
//-collider
COOBB Y 300.27200000 -94.31394000 -72.23286000 299.91610000 -94.31394000 -71.88165000 298.51260000 -94.31394000 -74.01559000 16.00000000
//-collider
COOBB Y 309.57450000 -78.47594000 17.93093000 309.95300000 -78.47594000 17.60425000 311.49010000 -78.47594000 20.15059000 16.00979000
//-collider
COAABB Y 174.749 -98.860 -10.808 175.263 -82.860 10.982
//-collider
COOBB Y 263.46720000 -87.21027000 -167.20300000 263.63370000 -87.21027000 -167.67450000 265.48280000 -87.21027000 -166.49110000 16.00000000
//-collider
COAABB Y 310.247 -93.757 -137.147 310.757 -77.757 -134.371
//-collider
COOBB Y 310.47880000 -78.50041000 -11.05519000 310.84510000 -78.50041000 -11.39553000 311.45900000 -78.50041000 -10.00015000 16.00245000
//-collider
COOBB Y 249.76120000 -93.75731000 -90.98304000 250.09820000 -93.75731000 -91.35241000 251.55250000 -93.75731000 -89.34875000 16.02457000
//-collider
COAABB Y 346.762 -93.757 90.205 347.312 -77.757 101.185
//collider
COOBB N 275.20880000 -94.31394000 -6.01062000 275.54820000 -94.31394000 -6.37776500 275.78370000 -94.31394000 -5.47917300 16.00000000
//collider
COAABB N 38.782 -106.247 5.977 94.133 -90.247 6.525
//-collider
COAABB Y 267.132 -88.439 -122.604 282.354 -72.439 -122.069
//-collider
COOBB Y 367.25910000 -84.55911000 48.12976000 367.26390000 -84.55911000 47.62979000 369.72630000 -84.55911000 48.15356000 16.00000000
//-collider
COOBB Y 311.46590000 -78.48634000 3.99638300 311.83470000 -78.48634000 4.33395800 309.71670000 -78.48634000 5.90759700 16.00061000
//-collider
COOBB Y 166.83600000 -98.86048000 -11.97696000 167.19440000 -98.86048000 -12.32571000 167.87230000 -98.86048000 -10.91230000 16.00000000
//-collider
COAABB Y 310.399 -88.439 -143.792 310.901 -72.439 -139.849
//-collider
COAABB Y 399.813 -82.394 -23.878 400.334 -66.085 -6.735
//collider
COOBB N 22.21087000 -106.24690000 -6.01790300 22.48456000 -106.24690000 -6.43634100 23.33190000 -106.24690000 -5.28464400 16.00000000
//-collider
COAABB Y 242.665 -93.757 136.745 262.041 -77.757 137.250
//-collider
COOBB Y 363.01210000 -84.64011000 62.68953000 363.33580000 -84.64011000 62.30847000 363.98260000 -84.64011000 63.51397000 16.00000000
//collider
COOBB N 95.39545000 -106.24690000 -5.31986400 94.99500000 -106.24690000 -5.61926900 97.20404000 -106.24690000 -7.73881000 16.00000000
//-collider
COOBB Y 286.45490000 -93.97121000 87.44095000 286.83030000 -93.97121000 87.77118000 281.77220000 -93.97121000 92.76459000 16.00000000
//-collider
COOBB Y 158.24350000 -101.72290000 -11.98129000 157.86390000 -101.72290000 -11.65592000 157.30690000 -101.72290000 -13.07413000 16.00000000
//collider
COAABB N 211.484 -94.314 -6.557 244.379 -78.314 -6.028
//-collider
COOBB Y 310.33020000 -88.43869000 -127.83830000 310.71740000 -88.43869000 -127.52190000 306.08500000 -88.43869000 -122.64270000 16.00000000
//collider
COAABB N 28.271 -106.247 23.099 32.737 -90.247 23.627
//collider
COOBB N 246.45180000 -94.31394000 -6.34681300 246.08440000 -94.31394000 -6.68593500 247.92800000 -94.31394000 -7.94621100 16.00000000
//collider
COAACYLINDER N -0.631 -102.490 4.000 0.700 2.980
//collider
COAABB N 359.552 -84.559 56.250 368.808 -68.559 56.759
//-collider
COOBB Y 330.54790000 -93.75732000 -137.11170000 330.90150000 -93.75732000 -137.46520000 333.61400000 -93.75732000 -134.04560000 16.00000000
//-collider
COAABB Y 167.852 -98.860 -10.912 168.372 -82.860 -6.861
//-collider
COAABB Y 310.757 -93.757 -137.646 330.549 -77.757 -137.112
//-collider
COAABB Y 276.233 -88.439 -144.430 277.653 -72.439 -143.925
//-collider
COAABB Y 354.671 -93.757 88.059 355.175 -77.757 90.066
//collider
COAABB N 107.751 -106.247 7.805 108.298 -90.247 20.931
//-collider
COOBB Y 192.59620000 -92.54601000 101.04180000 192.15760000 -92.54601000 101.28190000 191.11320000 -92.54601000 98.33252000 16.00000000
//-collider
COOBB Y 302.40680000 -87.21027000 155.83890000 302.38900000 -87.21027000 156.33860000 299.15910000 -87.21027000 155.72310000 16.00000000
//-collider
COAABB Y 311.469 -78.494 -3.997 311.969 -62.493 -1.992
//-collider
COOBB Y 297.09120000 -78.51019000 -13.74109000 297.47720000 -78.51019000 -14.05894000 298.06500000 -78.51019000 -12.55855000 16.00489000
//-collider
COAABB Y 399.779 -82.085 24.309 400.285 -66.085 31.949
//-collider
COOBB Y 265.48280000 -87.21027000 -166.49110000 265.01680000 -87.21027000 -166.67240000 266.22070000 -87.21027000 -168.38750000 16.00000000
//-collider
COOBB Y 242.66530000 -93.75732000 136.74540000 242.31030000 -93.75732000 137.09740000 239.21810000 -93.75732000 133.26910000 16.00000000
//-collider
COAABB Y 291.163 -88.096 121.866 306.093 -72.096 122.443
//-collider
COOBB Y 353.11530000 -84.64011000 74.54379000 353.09800000 -84.64011000 75.04349000 350.96010000 -84.64011000 74.46933000 16.00000000
//-collider
COOBB Y 320.37190000 -87.21027000 167.19920000 320.57830000 -87.21027000 166.74370000 323.05610000 -87.21027000 168.41530000 16.00000000
//collider
COAABB N 111.210 -106.247 5.949 137.921 -90.247 6.536
//-collider
COOBB Y 258.14160000 -94.31394000 -24.31148000 258.39210000 -94.31394000 -23.87873000 257.34840000 -94.31394000 -23.85241000 16.00000000
//-collider
COAABB Y 242.619 -93.757 -78.766 262.041 -77.757 -78.261
//-collider
COOBB Y 299.25240000 -93.53487000 71.69068000 299.26420000 -93.53487000 71.19082000 302.25540000 -93.53487000 71.76107000 16.02850000
//-collider
COOBB Y 344.74790000 -82.08463000 23.78803000 344.75490000 -82.08463000 23.28808000 348.30780000 -82.08463000 23.83789000 16.00000000
//-collider
COOBB Y 297.09820000 -78.48634000 4.35370100 297.44790000 -78.48634000 3.99638300 299.05080000 -78.48634000 6.26491500 16.00061000
//-collider
COOBB Y 288.86390000 -87.21027000 167.36590000 288.40510000 -87.21027000 167.56460000 287.70270000 -87.21027000 164.68440000 16.00000000
//collider
COOBB N 264.48340000 -94.31394000 5.98244100 264.57970000 -94.31394000 6.47307100 262.55280000 -94.31394000 6.36155500 16.00000000
//-collider
COAABB Y 262.793 -94.314 -71.742 263.312 -78.314 -60.962
//-collider
COOBB Y -5.46932600 -106.24690000 -3.56360400 -5.87832000 -106.24690000 -3.85122200 -4.48837800 -106.24690000 -4.95851500 16.00000000
//-collider
COOBB Y 299.42600000 -87.21027000 -155.67250000 299.41310000 -87.21027000 -156.17230000 302.36400000 -87.21027000 -155.74860000 16.00000000
//-collider
COOBB Y 286.45490000 -88.09631000 135.60840000 286.83970000 -88.09631000 135.92760000 282.17810000 -88.09631000 140.76410000 16.00000000
//-collider
COAABB Y 298.754 -93.592 60.161 299.264 -77.535 71.191
//-collider
COOBB Y 399.83390000 -82.08463000 -6.73536800 400.19960000 -82.08463000 -7.07634900 401.16670000 -82.08463000 -5.30596100 16.00000000
//-collider
COOBB Y 311.42420000 -78.52489000 -19.99054000 311.78740000 -78.52489000 -19.64693000 309.52390000 -78.52489000 -17.98171000 16.00979000
//-collider
COOBB Y 300.42500000 -87.21027000 -157.99120000 300.71790000 -87.21027000 -157.58600000 298.14320000 -87.21027000 -156.34210000 16.00000000
//-collider
COOBB Y 265.59780000 -87.21027000 -149.64470000 265.59280000 -87.21027000 -150.14460000 266.99480000 -87.21027000 -149.65870000 16.00000000
//-collider
COOBB Y 166.89960000 -98.86048000 -5.93246100 167.27040000 -98.86048000 -6.26793700 167.85360000 -98.86048000 -4.87812900 16.00000000
//collider
COOBB N 283.13050000 -94.31394000 -5.46644100 282.74990000 -94.31394000 -5.79069300 283.53830000 -94.31394000 -5.94519000 16.00000000
//-collider
COAABB Y 344.749 -82.085 -23.702 348.262 -66.085 -23.190
//-collider
COOBB Y 335.37120000 -93.75732000 112.67850000 335.72110000 -93.75732000 113.03560000 333.71010000 -93.75732000 114.30620000 16.00000000
//collider
COOBB N 248.18790000 -94.31394000 8.07005000 247.82880000 -94.31394000 8.41806900 246.54780000 -94.31394000 6.37828600 16.00000000
//-collider
COOBB Y 261.53500000 -94.31394000 -59.19203000 261.18200000 -94.31394000 -59.54618000 263.31190000 -94.31394000 -60.96293000 16.00000000
//-collider
COAABB Y 348.249 -82.085 -25.651 348.762 -66.085 -23.689
//-collider
COOBB Y 310.24120000 -87.21027000 192.09770000 310.24590000 -87.21027000 192.59770000 299.12990000 -87.21027000 192.20230000 16.00000000
//-collider
COAABB Y 296.906 -78.530 -22.036 297.408 -62.525 -19.991
//-collider
COOBB Y 260.43250000 -87.21027000 -163.99750000 260.06940000 -87.21027000 -164.34120000 263.46720000 -87.21027000 -167.20300000 16.00000000
//-collider
COAABB Y 265.098 -87.210 -149.645 265.598 -71.210 -144.368
//-collider
COAABB Y 291.274 -93.971 92.651 306.120 -77.971 93.202
//-collider
COOBB Y 173.33720000 -98.86048000 12.82052000 173.67730000 -98.86048000 12.45402000 174.50500000 -98.86048000 13.90424000 16.00000000
//-collider
COOBB Y 306.79450000 -88.43869000 -143.82450000 306.79900000 -88.43869000 -144.32450000 310.40050000 -88.43869000 -143.79230000 16.00000000
//-collider
COOBB Y 297.97310000 -87.21027000 -190.05230000 297.51830000 -87.21027000 -190.26020000 299.29070000 -87.21027000 -192.93430000 16.00000000
//collider
COOBB N 262.47300000 -94.31394000 -6.26720700 262.55560000 -94.31394000 -6.76033100 264.40620000 -94.31394000 -5.94324700 16.00000000
//-collider
COOBB Y 298.15410000 -78.48817000 0.62044940 298.50490000 -78.48817000 0.97677260 297.09740000 -78.48817000 1.66065800 16.00122000
//-collider
COOBB Y 259.72810000 -94.31394000 -25.22965000 259.97850000 -94.31394000 -24.79690000 258.14160000 -94.31394000 -24.31149000 16.00000000
//-collider
COOBB Y 369.66230000 -84.55911000 55.25264000 369.79610000 -84.55911000 55.73441000 368.83760000 -84.55911000 55.48166000 16.00000000
//collider
COOBB N 282.08700000 -94.31394000 -13.34356000 282.58700000 -94.31394000 -13.34842000 282.14930000 -94.31394000 -6.93997600 16.00000000
//-collider
COOBB Y 369.07680000 -90.47253000 75.24598000 369.11610000 -90.47253000 74.74752000 369.72530000 -90.47253000 75.29708000 16.00000000
//-collider
COAABB Y 269.947 -87.210 -150.148 271.520 -71.210 -149.645
//-collider
COAABB Y 364.975 -84.640 62.188 367.062 -68.640 62.703
//-collider
COAABB Y 310.524 -78.491 -1.052 311.026 -62.488 0.977
//collider
COOBB N 373.93460000 -82.08463000 11.19089000 374.28720000 -82.08463000 10.83635000 376.21740000 -82.08463000 13.46103000 16.00000000
//-collider
COOBB Y 174.50500000 -96.62414000 -22.30476000 174.16340000 -96.62414000 -22.66983000 175.45120000 -96.62414000 -23.19028000 16.00000000
//collider
COOBB N 97.25261000 -106.24690000 -20.46621000 96.94909000 -106.24690000 -20.86355000 100.33100000 -106.24690000 -22.81770000 16.00000000
//-collider
COAABB Y 388.609 -82.085 -24.680 389.129 -66.085 -6.731
//-collider
COAABB Y 248.464 -94.314 -23.547 249.612 -78.314 -23.041
//collider
COOBB N 357.61790000 -90.47253000 80.48225000 358.11640000 -90.47253000 80.44311000 357.68440000 -90.47253000 81.32938000 16.00000000
//-collider
COAABB Y 322.732 -93.757 90.626 323.281 -77.757 124.818
//collider
COOBB N 376.05360000 -82.08463000 -13.44723000 376.41950000 -82.08463000 -13.10654000 374.04860000 -82.08463000 -11.29351000 16.00000000
//-collider
COOBB Y 333.58860000 -93.75732000 100.46640000 333.94190000 -93.75732000 100.11260000 335.47310000 -93.75732000 102.34790000 16.00000000
//-collider
COOBB Y 191.11320000 -92.54601000 98.33251000 190.76240000 -92.54601000 97.97619000 199.09200000 -92.54601000 90.47807000 16.00000000
//-collider
COOBB Y 350.05080000 -84.64011000 73.57356000 350.39580000 -84.64011000 73.93547000 349.10800000 -84.64011000 74.47240000 16.00000000
//-collider
COOBB Y 323.05600000 -87.21027000 168.41530000 323.55600000 -87.21027000 168.41990000 322.95320000 -87.21027000 179.48270000 16.00000000
//-collider
COOBB Y 306.68340000 -87.21027000 -155.82770000 306.70810000 -87.21027000 -156.32710000 309.75900000 -87.21027000 -155.67540000 16.00000000
//-collider
COAABB Y 311.466 -78.487 2.017 311.966 -62.486 3.996
//-collider
COOBB Y 333.68250000 -93.75732000 133.41830000 334.03590000 -93.75732000 133.77190000 330.33550000 -93.75732000 136.76320000 16.00000000
//collider
COOBB N 280.63870000 -94.31394000 14.76144000 280.64410000 -94.31394000 15.26141000 278.40260000 -94.31394000 14.78584000 16.00000000
//-collider
COAABB Y 348.734 -82.085 -24.700 380.194 -66.085 -24.192
//-collider
COOBB Y 288.65810000 -87.21027000 180.24110000 288.45330000 -87.21027000 180.69720000 286.04450000 -87.21027000 179.06750000 16.00000000
//-collider
COAABB Y 310.461 -94.314 -76.010 310.962 -78.314 -72.263
//-collider
COOBB Y 330.38380000 -93.75732000 78.28193000 330.73970000 -93.75732000 77.93075000 333.77150000 -93.75732000 81.71525000 16.00000000
//-collider
COOBB Y 297.03400000 -78.52489000 -19.65671000 297.40620000 -78.52489000 -19.99053000 298.83540000 -78.52489000 -17.64791000 16.00979000
//collider
COAABB N 283.537 -94.314 -6.451 285.433 -78.314 -5.945
//-collider
COAABB Y 169.561 -96.624 -23.678 173.540 -80.624 -23.166
//-collider
COAABB Y 157.332 -101.723 -23.650 167.560 -80.624 -23.133
//collider
COOBB N 371.93080000 -82.08463000 -18.35410000 372.31360000 -82.08463000 -18.67574000 376.05360000 -82.08463000 -13.44723000 16.00000000
//-collider
COOBB Y 311.46870000 -78.49306000 -1.99210700 311.82160000 -78.49306000 -1.63788700 310.52550000 -78.49306000 -1.05246700 16.00245000
//-collider
COOBB Y 262.28880000 -93.75732000 -81.77483000 262.78710000 -93.75732000 -81.73390000 262.04120000 -93.75732000 -78.76096000 16.00000000
//-collider
COOBB Y 185.64140000 -96.62414000 11.09570000 185.98040000 -96.62414000 11.46329000 184.62300000 -96.62414000 12.03477000 16.00000000
//-collider
COAABB Y 310.247 -93.757 78.327 310.757 -77.757 81.392
//-collider
COOBB Y 388.81620000 -82.08463000 35.37442000 388.31630000 -82.08463000 35.38544000 388.79210000 -82.08463000 34.28317000 16.00000000
//collider
COAABB N 24.700 -106.247 7.835 25.291 -90.247 21.033
//-collider
COAABB Y 169.503 -98.860 -12.748 173.429 -82.860 -12.245
//-collider
COAABB Y 361.917 -84.559 48.012 362.419 -68.559 48.982
//-collider
COOBB Y 185.68530000 -96.62414000 -13.06143000 186.04090000 -96.62414000 -12.70991000 184.68860000 -96.62414000 -12.05321000 16.00000000
//-collider
COOBB Y 369.81480000 -84.64011000 74.06199000 370.00160000 -84.64011000 74.52578000 368.84550000 -84.64011000 74.45238000 16.00000000
//-collider
COOBB Y 306.78050000 -93.97121000 71.72348000 306.78500000 -93.97121000 71.22350000 310.40050000 -93.97121000 71.75568000 16.00000000
//-collider
COAABB Y 311.483 -78.477 14.033 311.984 -62.477 15.797
//-collider
COOBB Y 321.62380000 -87.21027000 -183.68370000 322.07280000 -87.21027000 -183.46360000 320.23880000 -87.21027000 -180.85860000 16.00000000
//-collider
COOBB Y 266.89820000 -93.97121000 92.80000000 266.50420000 -93.97121000 93.10787000 262.79210000 -93.97121000 87.54580000 16.00000000
//-collider
COOBB Y 295.07550000 -88.09631000 143.39440000 294.61080000 -88.09631000 143.57910000 294.01490000 -88.09631000 140.72520000 16.00000000
//collider
COOBB N 109.77500000 -106.24690000 -5.29766500 109.49240000 -106.24690000 -5.71014200 110.80230000 -106.24690000 -6.00146200 16.00000000
//collider
COOBB N 32.68125000 -106.24690000 -23.04295000 33.00368000 -106.24690000 -23.42510000 35.68991000 -106.24690000 -20.50445000 16.00000000
//-collider
COAABB Y 344.017 -83.322 -35.830 396.292 -66.085 -35.327
//-collider
COOBB Y 347.95330000 -84.55911000 61.89931000 348.15070000 -84.55911000 62.35871000 346.88320000 -84.55911000 62.35901000 16.00000000
//collider
COOBB N 276.88580000 -94.31394000 -13.25473000 276.53240000 -94.31394000 -13.60846000 278.34480000 -94.31394000 -14.71227000 16.00000000
//-collider
COAABB Y 242.757 -93.757 77.634 262.261 -77.757 78.188
//-collider
COOBB Y 275.90650000 -87.21027000 -162.27430000 276.09030000 -87.21027000 -162.73920000 277.77470000 -87.21027000 -161.53540000 16.00000000
//-collider
COOBB Y 270.74290000 -87.21027000 -151.65550000 271.20790000 -87.21027000 -151.47170000 269.94790000 -87.21027000 -149.64460000 16.00000000
//collider
COOBB N 35.76310000 -106.24690000 -7.74041200 36.14906000 -106.24690000 -8.05827500 37.73247000 -106.24690000 -5.34915600 16.00000000
//-collider
COAABB Y 342.551 -84.559 47.403 361.919 -68.559 48.013
//-collider
COOBB Y 322.95320000 -87.21027000 179.48270000 323.09810000 -87.21027000 179.96120000 320.36090000 -87.21027000 180.26810000 16.00000000
//-collider
COOBB Y 157.37640000 -101.72290000 -6.78853100 156.87640000 -101.72290000 -6.78188100 157.31950000 -101.72290000 -11.06780000 16.00000000
//-collider
COAABB Y 310.739 -93.757 88.825 321.692 -77.757 89.413
//-collider
COOBB Y 311.50020000 -78.49673000 -8.04260200 311.87540000 -78.49673000 -7.71208700 309.72080000 -78.49673000 -6.02270000 16.00122000
//-collider
COOBB Y 357.08480000 -84.64011000 74.45387000 357.09580000 -84.64011000 74.95374000 355.05470000 -84.64011000 74.49871000 16.00000000
//-collider
COAABB Y 309.714 -93.492 60.125 310.244 -77.485 71.298
//collider
COAABB N -5.065 -106.247 -6.518 22.211 -90.247 -5.921
//-collider
COAABB Y 380.705 -82.085 -23.805 384.276 -66.085 -23.304
//-collider
COAABB Y 185.795 -96.624 -5.842 209.053 -80.624 -5.289
//collider
COOBB N 262.55280000 -94.31394000 6.36155400 262.90010000 -94.31394000 6.72131200 260.83310000 -94.31394000 8.02143400 16.00000000
//-collider
COOBB Y 341.91570000 -84.64011000 64.54617000 341.48160000 -84.64011000 64.29807000 343.06370000 -84.64011000 62.53733000 16.00000000
//-collider
COAABB Y 296.948 -78.487 2.017 297.448 -62.486 3.996
//-collider
COOBB Y 239.31770000 -93.75732000 -133.98740000 238.96390000 -93.75732000 -134.34070000 242.49560000 -93.75732000 -137.17030000 16.00000000
//-collider
COOBB Y 369.72640000 -84.55911000 48.15356000 370.22640000 -84.55911000 48.15807000 369.66230000 -84.55911000 55.25265000 16.00000000
//-collider
COOBB Y 138.41230000 -106.24690000 3.62145300 138.78880000 -106.24690000 3.95047600 137.51310000 -106.24690000 4.65037400 16.00000000
//collider
COOBB N 352.08150000 -82.08463000 13.84515000 351.71950000 -82.08463000 13.50014000 354.53850000 -82.08463000 11.26789000 16.00000000
//-collider
COOBB Y 359.24600000 -82.08463000 36.82439000 358.90270000 -82.08463000 37.18787000 357.80760000 -82.08463000 35.46561000 16.00000000
//-collider
COAABB Y 335.472 -93.757 101.822 344.723 -77.757 102.348
//-collider
COOBB Y 224.61050000 -92.54601000 111.48660000 225.03410000 -92.54601000 111.22100000 226.14300000 -92.54601000 113.93150000 16.00000000
//-collider
COOBB Y 262.28760000 -93.72046000 126.21170000 262.78740000 -93.72046000 126.22260000 262.22100000 -93.72046000 129.24620000 16.00613000
//-collider
COAABB Y 156.807 -101.723 -23.134 157.332 -85.723 -13.074
//-collider
COOBB Y 184.62300000 -96.62414000 12.03477000 184.97460000 -96.62414000 11.67930000 185.61970000 -96.62414000 13.02070000 16.00000000
//-collider
COOBB Y 262.56200000 -94.31394000 -75.99239000 262.20310000 -94.31394000 -76.34045000 264.43430000 -94.31394000 -77.92338000 16.00000000
//collider
COOBB N 377.59580000 -82.08463000 -11.68025000 377.97690000 -82.08463000 -12.00386000 382.49410000 -82.08463000 -5.91120200 16.00000000
//-collider
COOBB Y 306.09290000 -88.09631000 122.36610000 306.47330000 -88.09631000 122.04170000 310.31190000 -88.09631000 127.31330000 16.00000000
//-collider
COOBB Y 298.55580000 -88.43869000 -142.08030000 298.09920000 -88.43869000 -142.28400000 299.55790000 -88.43869000 -144.32600000 16.00000000
//collider
COOBB N 94.15067000 -106.24690000 -5.99994200 94.39039000 -106.24690000 -6.43872600 95.39545000 -106.24690000 -5.31986200 16.00000000
//-collider
COAABB Y 238.718 -93.757 114.255 239.226 -77.757 133.269
//-collider
COOBB Y 311.19420000 -87.21027000 189.58090000 311.66180000 -87.21027000 189.75790000 310.24120000 -87.21027000 192.09770000 16.00000000
//-collider
COOBB Y 309.72070000 -78.49551000 -6.02270100 310.09920000 -78.49551000 -6.34943500 311.46920000 -78.49551000 -3.99734700 16.00122000
//-collider
COAABB Y 266.751 -88.096 121.796 282.002 -72.096 122.428
//-collider
COOBB Y 299.12990000 -87.21027000 192.20230000 298.67840000 -87.21027000 192.41730000 297.90740000 -87.21027000 189.63540000 16.00000000
//-collider
COOBB Y 286.44040000 -88.09631000 127.29440000 286.08220000 -88.09631000 126.94560000 291.16550000 -88.09631000 122.44260000 16.00000000
//collider
COAABB N 107.745 -106.247 -20.516 108.261 -90.247 -7.756
//-collider
COAABB Y 310.461 -88.096 139.481 310.962 -72.096 143.376
//-collider
COOBB Y 168.52230000 -96.62414000 -22.24824000 168.18880000 -96.62414000 -22.62077000 169.56140000 -96.62414000 -23.17849000 16.00000000
//-collider
COOBB Y 167.55980000 -96.62414000 -23.15010000 167.90160000 -96.62414000 -23.51497000 168.52230000 -96.62414000 -22.24824000 16.00000000
//-collider
COAABB Y 251.297 -93.757 -126.771 262.299 -77.757 -126.215
//-collider
COOBB Y 380.69420000 -82.08463000 23.73367000 380.69860000 -82.08463000 23.23369000 384.30800000 -82.08463000 23.76562000 16.00000000
//-collider
COOBB Y 249.60970000 -94.31394000 -23.04146000 249.31720000 -94.31394000 -23.44695000 250.65880000 -94.31394000 -23.79832000 16.00000000
//-collider
COOBB Y 239.24860000 -93.75732000 81.55067000 238.89970000 -93.75732000 81.19248000 242.75720000 -93.75732000 78.13355000 16.00000000
//-collider
COOBB Y 270.65830000 -88.43869000 -143.98310000 270.66680000 -88.43869000 -144.48300000 272.59740000 -88.43869000 -143.94990000 16.00000000
//collider
COOBB N 260.51170000 -94.31394000 -9.99078400 261.00770000 -94.31394000 -10.05422000 260.76620000 -94.31394000 -8.00106400 16.00000000
//-collider
COAABB Y 298.705 -93.419 -60.190 299.212 -62.383 -36.083
//-collider
COOBB Y 295.38590000 -87.21027000 190.78600000 295.03510000 -87.21027000 191.14230000 287.55040000 -87.21027000 183.07250000 16.00000000
//-collider
COOBB Y 266.47850000 -87.21027000 -151.47330000 266.77060000 -87.21027000 -151.06740000 264.97240000 -87.21027000 -150.38910000 16.00000000
//-collider
COOBB Y 298.19100000 -78.47838000 12.61660000 298.54190000 -78.47838000 12.97283000 297.11460000 -78.47838000 13.67676000 16.00122000
//collider
COOBB N 282.14030000 -94.31394000 13.47437000 282.46570000 -94.31394000 13.85402000 280.63870000 -94.31394000 14.76143000 16.00000000
//-collider
COOBB Y 282.15840000 -94.31394000 -74.43972000 282.14740000 -94.31394000 -73.93984000 278.63950000 -94.31394000 -74.51698000 16.00000000
//-collider
COOBB Y 297.12630000 -78.48328000 10.33762000 297.46800000 -78.48328000 9.97261800 298.20110000 -78.48328000 11.34395000 16.00244000
//-collider
COAABB Y 309.737 -93.757 -60.348 310.245 -62.535 -36.315
//-collider
COOBB Y 169.54190000 -96.62414000 23.14777000 169.19940000 -96.62414000 23.51204000 168.55550000 -96.62414000 22.22021000 16.00000000
//collider
COOBB N 358.16090000 -90.47253000 81.43694000 358.65710000 -90.47253000 81.37544000 358.42690000 -90.47253000 83.58330000 16.00000000
//collider
COAABB N 110.802 -106.247 -6.501 137.722 -90.247 -5.925
//-collider
COOBB Y 295.23280000 -87.21027000 -191.25710000 295.43410000 -87.21027000 -191.71480000 297.97310000 -87.21027000 -190.05230000 16.00000000
//collider
COAABB N -5.123 -106.247 5.990 21.871 -90.247 6.557
//-collider
COAABB Y 310.756 -93.757 77.782 330.384 -77.757 78.329
//collider
COAABB N 356.636 -82.085 -18.962 371.934 -66.085 -18.354
//-collider
COOBB Y 356.88310000 -84.64011000 62.63416000 356.89660000 -84.64011000 62.13433000 359.03700000 -84.64011000 62.69205000 16.00000000
//-collider
COOBB Y 311.48320000 -78.47655000 15.79735000 311.85580000 -78.47655000 16.13073000 309.57440000 -78.47655000 17.93095000 16.00061000
//-collider
COOBB Y 217.34200000 -92.54601000 124.39920000 217.13980000 -92.54601000 124.85640000 214.73760000 -92.54601000 123.24730000 16.00000000
//-collider
COOBB Y 262.78970000 -94.31394000 -88.29158000 262.39990000 -94.31394000 -88.60471000 266.82670000 -94.31394000 -93.31699000 16.00000000
//-collider
COOBB Y 352.95000000 -84.64011000 62.59918000 352.96500000 -84.64011000 62.09940000 355.06770000 -84.64011000 62.66245000 16.00000000
//-collider
COOBB Y 389.25260000 -82.08463000 6.85501200 388.90330000 -82.08463000 7.21272900 388.34040000 -82.08463000 5.96418200 16.00000000
//-collider
COOBB Y 276.62770000 -87.21027000 -154.27170000 276.95140000 -87.21027000 -153.89060000 272.06530000 -87.21027000 -150.39480000 16.00000000
//collider
COOBB N 37.73247000 -106.24690000 -5.34915600 37.44482000 -106.24690000 -5.75813300 38.65468000 -106.24690000 -5.99776600 16.00000000
//-collider
COOBB Y 310.75490000 -93.75732000 129.21370000 310.25510000 -93.75732000 129.20100000 310.82710000 -93.75732000 126.37820000 16.00000000
//-collider
COOBB Y 291.08020000 -88.43869000 -122.71710000 290.70070000 -88.43869000 -122.39150000 286.45490000 -88.43869000 -128.10710000 16.00000000
//-collider
COOBB Y 262.78970000 -88.43869000 -136.29160000 262.44250000 -88.43869000 -136.65130000 264.62720000 -88.43869000 -138.06530000 16.00000000
//-collider
COOBB Y 175.24920000 -98.86048000 -10.80757000 174.87740000 -98.86048000 -11.14193000 176.28550000 -98.86048000 -11.95974000 16.00000000
//-collider
COOBB Y 288.77520000 -87.21027000 -180.80970000 288.30830000 -87.21027000 -180.63060000 287.62940000 -87.21027000 -183.79620000 16.00000000
//-collider
COOBB Y 308.42080000 -93.97121000 77.54439000 308.76810000 -93.97121000 77.18469000 310.31190000 -93.97121000 79.37036000 16.00000000
//-collider
COAABB Y 262.294 -93.757 85.804 262.799 -77.757 88.796
//-collider
COAABB Y 388.816 -82.085 35.368 396.356 -66.085 35.874
//collider
COOBB N 275.80800000 -94.31394000 5.38068300 276.18330000 -94.31394000 5.71098600 275.39920000 -94.31394000 5.84527100 16.00000000
//-collider
COOBB Y 167.85200000 -98.86048000 -6.86326600 168.20150000 -98.86048000 -6.50567900 166.89960000 -98.86048000 -5.93245700 16.00000000
//-collider
COAABB Y 340.087 -82.085 -31.905 340.608 -66.085 -28.076
//-collider
COOBB Y 300.52250000 -88.09631000 143.88670000 300.13840000 -88.09631000 144.20690000 298.51260000 -88.09631000 141.47530000 16.00000000
//-collider
COOBB Y 311.25960000 -87.21027000 -156.22810000 310.99790000 -87.21027000 -155.80200000 308.47970000 -87.21027000 -157.93530000 16.00000000
//-collider
COOBB Y 313.76400000 -87.21027000 190.63150000 313.57470000 -87.21027000 191.09430000 311.19420000 -87.21027000 189.58080000 16.00000000
//collider
COAABB N 24.732 -106.247 -20.419 25.252 -90.247 -7.780
//-collider
COOBB Y 343.17480000 -84.55911000 62.49850000 342.82540000 -84.55911000 62.85619000 342.46400000 -84.55911000 61.80428000 16.00000000
//collider
COOBB N 276.91590000 -94.31394000 6.91801200 276.51030000 -94.31394000 7.21034200 275.80800000 -94.31394000 5.38069800 16.00000000
//-collider
COAABB Y 399.773 -82.085 6.695 400.274 -66.085 23.764
//-collider
COAABB Y 310.239 -93.757 85.772 310.741 -77.757 88.913
//-collider
COOBB Y 189.52400000 -92.54601000 113.00860000 189.02410000 -92.54601000 112.99870000 189.72990000 -92.54601000 102.64470000 16.00000000
//-collider
COOBB Y 211.50040000 -94.31394000 4.73683600 211.12040000 -94.31394000 5.06180000 210.66260000 -94.31394000 3.75707600 16.00000000
//-collider
COAABB Y 256.730 -94.314 -24.280 258.208 -78.314 -23.778
//-collider
COOBB Y 340.53220000 -82.08463000 27.99981000 340.18020000 -82.08463000 27.64470000 344.25410000 -82.08463000 24.31047000 16.00000000
//collider
COAABB N 285.433 -94.314 -5.953 285.979 -78.314 5.964
//collider
COOBB N 23.32667000 -106.24690000 5.18600800 23.58341000 -106.24690000 5.61505800 21.87102000 -106.24690000 6.05706400 16.00000000
//collider
COOBB N 37.70289000 -106.24690000 5.25009300 38.10045000 -106.24690000 5.55332300 35.75471000 -106.24690000 7.80429100 16.00000000
//-collider
COOBB Y 276.50880000 -87.21027000 -164.37470000 276.98950000 -87.21027000 -164.23680000 275.90650000 -87.21027000 -162.27420000 16.00000000
//-collider
COOBB Y 373.77910000 -90.47253000 74.45683000 374.13170000 -90.47253000 74.10225000 374.63610000 -90.47253000 75.30884000 16.00000000
//-collider
COOBB Y 309.71670000 -78.48572000 5.90758900 310.09910000 -78.48572000 5.58539400 311.48650000 -78.48572000 8.00779500 16.00122000
//-collider
COAABB Y 354.784 -90.473 88.921 374.490 -74.473 89.480
//-collider
COOBB Y 291.27390000 -93.97121000 92.70160000 290.90520000 -93.97121000 93.03934000 286.45490000 -93.97121000 87.44095000 16.00000000
//-collider
COAABB Y 358.746 -82.085 36.824 359.247 -66.085 47.648
//-collider
COOBB Y 351.08540000 -84.64011000 62.69095000 351.40730000 -84.64011000 62.30827000 351.94690000 -84.64011000 63.41537000 16.00000000
//-collider
COAABB Y 273.634 -94.314 -71.784 274.210 -78.314 -51.928
//-collider
COAABB Y 296.968 -78.485 8.008 297.469 -62.483 9.973
//-collider
COOBB Y 261.21400000 -87.21027000 -156.16480000 261.05660000 -87.21027000 -155.69020000 259.30110000 -87.21027000 -156.79920000 16.00000000
//-collider
COOBB Y 210.26510000 -96.62414000 -3.86739900 210.76500000 -96.62414000 -3.85755400 210.23910000 -96.62414000 -2.54406100 16.00000000
//-collider
COOBB Y 156.64700000 -101.72290000 -4.19295600 156.29460000 -101.72290000 -4.54765600 158.31620000 -101.72290000 -5.85134600 16.00000000
//-collider
COOBB Y 297.08240000 -78.47655000 16.11905000 297.46520000 -78.47655000 15.79737000 298.87540000 -78.47655000 18.25262000 16.00061000
//-collider
COOBB Y 290.77310000 -93.97121000 74.22678000 290.76660000 -93.97121000 73.72682000 294.06950000 -93.97121000 74.18408000 16.00000000
//-collider
COOBB Y 334.98500000 -84.64011000 66.10991000 334.68070000 -84.64011000 65.71315000 337.04670000 -84.64011000 64.52873000 16.00000000
//-collider
COOBB Y 308.53010000 -87.21027000 157.34810000 308.29930000 -87.21027000 156.90460000 311.28780000 -87.21027000 155.91290000 16.00000000
//-collider
COOBB Y 192.43850000 -92.54601000 114.01440000 192.27540000 -92.54601000 114.48710000 189.52400000 -92.54601000 113.00860000 16.00000000
//-collider
COOBB Y 296.56140000 -88.43869000 -143.89560000 296.89790000 -88.43869000 -144.26540000 298.55580000 -88.43869000 -142.08020000 16.00000000
//-collider
COOBB Y 224.69860000 -92.54601000 103.45330000 225.04570000 -92.54601000 103.09330000 226.65040000 -92.54601000 105.33470000 16.00000000
//collider
COOBB N 354.53840000 -82.08463000 11.26791000 354.18120000 -82.08463000 11.61781000 352.98000000 -82.08463000 9.67713700 16.00000000
//-collider
COOBB Y 291.10500000 -88.09631000 140.68580000 290.73630000 -88.09631000 141.02350000 286.45490000 -88.09631000 135.60840000 16.00000000
//-collider
COOBB Y 239.22580000 -93.75732000 114.25490000 238.87550000 -93.75732000 114.61170000 237.64620000 -93.75732000 112.70440000 16.00000000
//-collider
COAABB Y 262.294 -93.757 -129.826 262.799 -77.757 -126.715
//collider
COOBB N 356.60610000 -82.08463000 18.50246000 356.24740000 -82.08463000 18.85086000 352.08140000 -82.08463000 13.84515000 16.00000000
//-collider
COOBB Y 297.16490000 -78.46126000 22.57175000 297.47010000 -78.46126000 22.17567000 299.24480000 -78.46126000 24.17415000 16.00490000
//-collider
COAABB Y 311.484 -78.513 -16.011 311.995 -62.510 -14.059
//-collider
COOBB Y 294.09100000 -88.43869000 -141.27660000 293.62150000 -88.43869000 -141.44840000 295.06520000 -88.43869000 -143.93810000 16.00000000
//-collider
COOBB Y 260.55580000 -87.21027000 -154.06580000 260.07860000 -87.21027000 -154.21550000 261.21400000 -87.21027000 -156.16480000 16.00000000
//-collider
COOBB Y 226.14300000 -92.54601000 113.93150000 226.52570000 -92.54601000 114.25330000 217.34200000 -92.54601000 124.39920000 16.00000000
//-collider
COAABB Y 266.827 -94.314 -93.817 282.381 -78.314 -93.242
//-collider
COOBB Y 374.85590000 -84.64011000 72.55066000 375.31960000 -84.64011000 72.73769000 374.17760000 -84.64011000 74.23250000 16.00000000
//collider
COOBB N 283.82540000 -94.31394000 5.97259000 283.54540000 -94.31394000 6.38687300 283.11800000 -94.31394000 5.49457500 16.00000000
//-collider
COOBB Y 296.48850000 -93.97121000 71.57803000 296.83850000 -93.97121000 71.22097000 298.52060000 -93.97121000 73.56994000 16.00000000
//collider
COAABB N 100.329 -106.247 -23.336 104.762 -90.247 -22.818
//-collider
COOBB Y 251.29900000 -93.75732000 88.74074000 251.64280000 -93.75732000 89.10377000 249.66180000 -93.75732000 90.29134000 16.00000000
//-collider
COOBB Y 367.05850000 -84.64011000 62.70264000 367.37340000 -84.64011000 62.31419000 367.99640000 -84.64011000 63.46272000 16.00000000
//-collider
COOBB Y 335.07020000 -84.64011000 70.85474000 334.57030000 -84.64011000 70.86372000 334.98500000 -84.64011000 66.10992000 16.00000000
//-collider
COOBB Y 169.45360000 -98.86048000 12.87413000 169.44670000 -98.86048000 12.37418000 173.33720000 -98.86048000 12.82052000 16.00000000
//-collider
COAABB Y 298.690 -78.530 24.318 299.232 -62.527 35.791
//-collider
COAABB Y 296.970 -78.466 20.150 297.472 -62.461 22.176
//-collider
COOBB Y 138.49230000 -101.72290000 -3.82276500 138.11120000 -101.72290000 -4.14637900 139.79240000 -101.72290000 -5.35406200 16.00000000
//collider
COOBB N 247.92800000 -94.31394000 -7.94620800 247.44580000 -94.31394000 -8.07834800 248.48970000 -94.31394000 -9.99595600 16.00000000
//collider
COOBB N 350.30120000 -82.08463000 12.12023000 349.95200000 -82.08463000 12.47814000 345.80710000 -82.08463000 7.73612100 16.00000000
//-collider
COOBB Y 298.51260000 -88.09631000 141.47530000 298.84790000 -88.09631000 141.84620000 296.39140000 -88.09631000 143.39340000 16.00000000
//collider
COOBB N 382.49410000 -82.08463000 -5.91119500 382.48570000 -82.08463000 -6.41112500 388.41160000 -82.08463000 -6.00999300 16.00000000
//-collider
COAABB Y 310.827 -93.757 125.878 321.630 -77.757 126.445
//-collider
COOBB Y 368.92260000 -84.64011000 62.60381000 368.92770000 -84.64011000 62.10384000 372.95150000 -84.64011000 62.64548000 16.00000000
//-collider
COOBB Y 359.96170000 -84.64011000 63.51926000 359.63800000 -84.64011000 63.13816000 360.92860000 -84.64011000 62.69809000 16.00000000
//-collider
COOBB Y 311.28780000 -87.21027000 155.91290000 311.61760000 -87.21027000 155.53710000 321.47150000 -87.21027000 164.85160000 16.00000000
//-collider
COOBB Y 297.90740000 -87.21027000 189.63540000 298.11500000 -87.21027000 190.09030000 295.38590000 -87.21027000 190.78600000 16.00000000
//-collider
COOBB Y 342.11330000 -84.64011000 72.42241000 342.12090000 -84.64011000 72.92235000 337.09240000 -84.64011000 72.49959000 16.00000000
//-collider
COAABB Y 226.265 -92.546 109.931 226.767 -76.546 112.796
//-collider
COAABB Y 358.986 -84.640 74.471 361.104 -68.640 74.973
//-collider
COOBB Y 168.46530000 -98.86048000 -13.73611000 168.83210000 -98.86048000 -13.39637000 166.83600000 -98.86048000 -11.97696000 16.00000000
//-collider
COOBB Y 309.77570000 -87.21027000 155.65420000 309.78290000 -87.21027000 156.15410000 306.46450000 -87.21027000 155.70160000 16.00000000
//-collider
COAABB Y 384.782 -82.085 -24.687 389.109 -66.085 -24.180
//-collider
COAABB Y 298.926 -87.210 -155.673 299.427 -71.210 -144.301
//collider
COOBB N 260.76630000 -94.31394000 -8.00108400 261.12260000 -94.31394000 -8.35183100 262.47300000 -94.31394000 -6.26718800 16.00000000
//-collider
COOBB Y 211.45940000 -94.31394000 -4.88170200 210.95960000 -94.31394000 -4.89279000 211.48490000 -94.31394000 -6.02774500 16.00000000
//-collider
COOBB Y 167.81680000 -98.86048000 10.93253000 168.16090000 -98.86048000 11.29524000 166.81470000 -98.86048000 11.88337000 16.00000000
//-collider
COAABB Y 175.504 -96.624 23.201 185.617 -80.624 23.755
//-collider
COAABB Y 343.401 -84.640 74.485 345.002 -68.640 74.990
//-collider
COAABB Y 335.370 -93.757 112.679 354.464 -77.757 113.242
//-collider
COOBB Y 259.30110000 -87.21027000 -156.79910000 258.80110000 -87.21027000 -156.80690000 259.37220000 -87.21027000 -161.41370000 16.00000000
//-collider
COOBB Y 189.72990000 -92.54601000 102.64470000 189.48580000 -92.54601000 102.20830000 192.59620000 -92.54601000 101.04180000 16.00000000
//-collider
COOBB Y 137.51300000 -106.24690000 4.65037700 137.99020000 -106.24690000 4.50091600 137.91970000 -106.24690000 5.94864600 16.00000000
//-collider
COOBB Y 302.18050000 -87.21027000 -144.26850000 302.17470000 -87.21027000 -143.76850000 299.42650000 -87.21027000 -144.30070000 16.00000000
//-collider
COAABB Y 270.923 -94.314 -72.284 273.710 -78.314 -71.763
//-collider
COOBB Y 310.33020000 -93.97121000 87.70975000 310.71070000 -93.97121000 88.03412000 306.11810000 -93.97121000 92.65079000 16.00000000
//-collider
COOBB Y 321.62630000 -93.75732000 -89.18132000 321.27560000 -93.75732000 -89.53770000 323.28130000 -93.75732000 -90.80992000 16.00000000
//-collider
COOBB Y 285.81550000 -87.21027000 -179.79210000 285.65290000 -87.21027000 -180.26490000 288.77510000 -87.21027000 -180.80970000 16.00000000
//-collider
COAABB Y 310.827 -93.757 -89.748 321.630 -77.757 -89.181
//-collider
COOBB Y 296.94120000 -78.49796000 -9.98963700 297.44110000 -78.49796000 -10.00014000 296.98230000 -78.49796000 -8.03208800 16.00122000
//-collider
COOBB Y 302.36400000 -87.21027000 -155.74850000 301.98570000 -87.21027000 -155.42150000 300.42500000 -87.21027000 -157.99120000 16.00000000
//collider
COOBB N 352.54210000 -82.08463000 -9.73755100 352.18660000 -82.08463000 -10.08911000 354.06710000 -82.08463000 -11.27978000 16.00000000
//collider
COAABB N 248.444 -94.314 9.989 260.495 -78.314 10.543
//-collider
COAABB Y 380.190 -82.085 23.733 380.694 -66.085 25.658
//-collider
COAABB Y 251.553 -93.733 -89.849 262.290 -77.720 -89.300
//-collider
COAABB Y 310.239 -93.757 -129.822 310.741 -77.757 -126.847
//-collider
COOBB Y 261.17240000 -87.21027000 -162.25740000 260.71220000 -87.21027000 -162.06170000 260.43250000 -87.21027000 -163.99750000 16.00000000
//collider
COOBB N 97.31590000 -106.24690000 20.99847000 96.81592000 -106.24690000 21.00322000 97.19179000 -106.24690000 7.94819200 16.00000000
//-collider
COOBB Y 309.65690000 -87.21027000 -192.94980000 310.11520000 -87.21027000 -193.14970000 310.99060000 -87.21027000 -189.89260000 16.00000000
//-collider
COOBB Y 278.63950000 -94.31394000 -74.51697000 279.13120000 -94.31394000 -74.42628000 278.18460000 -94.31394000 -72.05035000 16.00000000
//-collider
COOBB Y 287.62940000 -87.21027000 -183.79610000 287.27920000 -87.21027000 -184.15300000 295.23280000 -87.21027000 -191.25710000 16.00000000
//-collider
COAABB Y 310.701 -93.757 -78.791 330.405 -77.757 -78.217
//-collider
COOBB Y 311.49520000 -78.51019000 -14.05892000 311.87310000 -78.51019000 -13.73150000 310.47060000 -78.51019000 -12.87642000 16.00489000
//-collider
COOBB Y 262.78970000 -93.97121000 79.25647000 262.40110000 -93.97121000 78.94183000 266.87910000 -93.97121000 74.20600000 16.00000000
//-collider
COOBB Y 297.12000000 -78.49673000 -7.69788500 297.48220000 -78.49673000 -8.04258600 299.04240000 -78.49673000 -5.67801400 16.00122000
//-collider
COOBB Y 249.73920000 -93.75731000 124.50640000 250.09250000 -93.75731000 124.15250000 251.42070000 -93.75731000 126.18460000 16.02457000
//collider
COOBB N 278.40260000 -94.31394000 14.78583000 278.08270000 -94.31394000 15.17006000 276.90050000 -94.31394000 13.53503000 16.00000000
//-collider
COOBB Y 323.23210000 -93.75732000 90.62572000 322.85250000 -93.75732000 90.95116000 321.68830000 -93.75732000 88.82508000 16.00000000
//-collider
COOBB Y 266.99480000 -87.21027000 -149.65870000 266.51390000 -87.21027000 -149.52180000 266.47850000 -87.21027000 -151.47320000 16.00000000
//collider
COAABB N 358.427 -90.473 83.083 369.087 -74.473 83.584
//-collider
COOBB Y 266.22070000 -87.21027000 -168.38750000 266.21550000 -87.21027000 -168.88750000 270.53410000 -87.21027000 -168.43270000 16.00000000
//-collider
COAABB Y 175.451 -96.624 -23.690 185.598 -80.624 -23.164
//-collider
COAABB Y 298.659 -87.210 143.747 299.171 -71.210 155.723
//-collider
COOBB Y 308.44380000 -88.09631000 137.51310000 308.79290000 -88.09631000 137.15520000 310.46120000 -88.09631000 139.48100000 16.00000000
//-collider
COOBB Y 347.14230000 -84.64011000 62.79068000 347.07820000 -84.64011000 62.29479000 348.18420000 -84.64011000 62.65617000 16.00000000
//-collider
COOBB Y 213.50270000 -92.54601000 88.95172000 213.95190000 -92.54601000 88.73213000 214.85680000 -92.54601000 91.72171000 16.00000000
//-collider
COAABB Y 296.966 -78.513 -16.008 297.477 -62.510 -14.056
//-collider
COAABB Y 259.728 -94.314 -47.249 260.262 -78.314 -25.229
//-collider
COOBB Y 310.33020000 -88.09631000 135.65260000 310.68120000 -88.09631000 136.00860000 308.44380000 -88.09631000 137.51310000 16.00000000
//-collider
COOBB Y 210.73640000 -94.31394000 -3.83032900 210.32440000 -94.31394000 -4.11364700 211.45940000 -94.31394000 -4.88169900 16.00000000
//-collider
COOBB Y 323.15050000 -87.21027000 -179.42420000 323.65050000 -87.21027000 -179.42990000 323.27620000 -87.21027000 -168.50250000 16.00000000
//-collider
COAABB Y 262.260 -93.757 78.184 262.782 -77.757 81.270
//-collider
COOBB Y 372.95140000 -84.64011000 62.64547000 373.29730000 -84.64011000 62.28436000 375.02930000 -84.64011000 64.63550000 16.00000000
//collider
COOBB N 359.49870000 -84.55911000 55.47989000 359.44710000 -84.55911000 55.97722000 358.85080000 -84.55911000 55.41266000 16.00000000
//-collider
COAABB Y 374.856 -84.640 72.551 379.914 -68.640 73.052
//-collider
COAABB Y 185.650 -96.624 5.184 209.282 -80.624 5.726
//-collider
COOBB Y 276.56250000 -94.31394000 -72.07619000 276.20960000 -94.31394000 -71.72190000 274.56970000 -94.31394000 -74.06075000 16.00000000
//-collider
COOBB Y 298.83270000 -78.51509000 -18.31253000 299.20760000 -78.51509000 -17.98173000 297.09140000 -78.51509000 -16.33888000 16.00245000
//-collider
COOBB Y 214.85680000 -92.54601000 91.72171000 214.60000000 -92.54601000 91.29269000 217.12550000 -92.54601000 90.36371000 16.00000000
//collider
COAABB N 276.401 -94.314 6.917 276.916 -78.314 13.535
//-collider
COOBB Y 298.86870000 -78.47594000 17.61749000 299.25820000 -78.47594000 17.93095000 297.08260000 -78.47594000 19.83711000 16.00979000
//-collider
COOBB Y 237.66380000 -93.75732000 102.30970000 237.29580000 -93.75732000 101.97120000 239.23330000 -93.75732000 100.60320000 16.00000000
//collider
COOBB N 359.55270000 -84.55911000 56.24959000 359.05390000 -84.55911000 56.28459000 359.49870000 -84.55911000 55.47989000 16.00000000
//-collider
COOBB Y 359.03700000 -84.64011000 62.69205000 359.37040000 -84.64011000 62.31942000 359.96170000 -84.64011000 63.51926000 16.00000000
//-collider
COOBB Y 267.19620000 -88.43869000 -122.54190000 266.80700000 -88.43869000 -122.22800000 262.79210000 -88.43869000 -128.00220000 16.00000000
//-collider
COAABB Y 311.488 -78.466 20.151 311.990 -62.461 22.176
//-collider
COOBB Y 251.29900000 -93.75732000 -126.77060000 251.64280000 -93.75732000 -126.40760000 249.66180000 -93.75732000 -125.22000000 16.00000000
//-collider
COOBB Y 298.51260000 -94.31394000 -74.01559000 298.84800000 -94.31394000 -73.64472000 296.39140000 -94.31394000 -72.09748000 16.00000000
//-collider
COAABB Y 262.039 -88.439 -143.946 262.540 -72.439 -140.037
//-collider
COOBB Y 286.45500000 -88.43869000 -128.10710000 286.85580000 -88.43869000 -127.80820000 282.35240000 -88.43869000 -122.60370000 16.00000000
//-collider
COOBB Y 358.04850000 -84.64011000 73.64465000 358.37000000 -84.64011000 74.02756000 357.08480000 -84.64011000 74.45386000 16.00000000
//-collider
COOBB Y 355.05470000 -84.64011000 74.49872000 354.73930000 -84.64011000 74.88666000 354.09250000 -84.64011000 73.71631000 16.00000000
//-collider
COOBB Y 259.37230000 -87.21027000 -161.41370000 259.16010000 -87.21027000 -161.86640000 261.17250000 -87.21027000 -162.25740000 16.00000000
//-collider
COOBB Y 286.44040000 -94.31394000 -87.96128000 286.06220000 -94.31394000 -88.28827000 290.93640000 -94.31394000 -93.16214000 16.00000000
//-collider
COAABB Y 360.927 -84.640 62.190 363.012 -68.640 62.698
//-collider
COOBB Y 262.53920000 -88.43869000 -143.94620000 262.54810000 -88.43869000 -144.44610000 266.40600000 -88.43869000 -143.87790000 16.00000000
//collider
COOBB N 280.56500000 -94.31394000 -14.69134000 280.89650000 -94.31394000 -15.06567000 282.08700000 -94.31394000 -13.34354000 16.00000000
//-collider
COOBB Y 169.50260000 -98.86048000 -12.74496000 169.15720000 -98.86048000 -12.38345000 168.46530000 -98.86048000 -13.73611000 16.00000000
//collider
COOBB N 23.33190000 -106.24690000 -5.28464200 22.93406000 -106.24690000 -5.58749900 25.23170000 -106.24690000 -7.78027600 16.00000000
//-collider
COOBB Y 199.09210000 -92.54601000 90.47806000 199.30840000 -92.54601000 90.02728000 201.75380000 -92.54601000 91.75540000 16.00000000
//-collider
COAABB Y 291.078 -88.439 -122.717 306.085 -72.439 -122.143
//-collider
COAABB Y 169.542 -96.624 23.148 173.551 -80.624 23.648
//-collider
COAABB Y 369.656 -82.085 36.894 370.214 -66.085 47.733
//-collider
COAABB Y 311.486 -78.485 8.008 311.987 -62.483 9.973
//-collider
COOBB Y 311.48600000 -78.48328000 9.97260500 311.85440000 -78.48328000 10.31067000 310.56250000 -78.48328000 10.97896000 16.00244000
//-collider
COOBB Y 287.70270000 -87.21027000 164.68440000 287.37570000 -87.21027000 164.30610000 297.89980000 -87.21027000 155.86720000 16.00000000
//-collider
COOBB Y 288.13100000 -87.21027000 -164.83010000 287.64330000 -87.21027000 -164.94040000 288.78930000 -87.21027000 -167.74070000 16.00000000
//-collider
COOBB Y 309.70460000 -78.45636000 -24.16538000 309.69330000 -78.45636000 -23.66551000 305.84750000 -78.45636000 -24.25227000 16.03915000
//-collider
COOBB Y 344.27830000 -82.08463000 -24.38113000 343.92340000 -82.08463000 -24.02889000 340.60830000 -82.08463000 -28.07848000 16.00000000
//-collider
COOBB Y 344.09920000 -82.08463000 35.45578000 343.74510000 -82.08463000 35.80875000 340.56590000 -82.08463000 31.91077000 16.00000000
//collider
COOBB N 275.78360000 -94.31394000 -5.47918800 275.38640000 -94.31394000 -5.78285700 276.83830000 -94.31394000 -6.85879800 16.00000000
//-collider
COOBB Y 347.26150000 -93.75732000 90.20461000 347.24830000 -93.75732000 89.70477000 350.26910000 -93.75732000 90.12538000 16.00000000
//-collider
COOBB Y 282.37810000 -94.31394000 -93.24183000 282.77440000 -94.31394000 -93.54670000 286.44040000 -94.31394000 -87.96128000 16.00000000
//-collider
COOBB Y 250.65890000 -94.31394000 -23.79832000 250.66650000 -94.31394000 -24.29826000 252.10220000 -94.31394000 -23.77633000 16.00000000
//-collider
COAABB Y 226.711 -93.757 112.704 237.649 -77.757 113.264
//-collider
COOBB Y 262.78970000 -88.09631000 127.19930000 262.40070000 -88.09631000 126.88520000 266.75080000 -88.09631000 122.29580000 16.00000000
//-collider
COOBB Y 294.06950000 -93.97121000 74.18409000 293.58960000 -93.97121000 74.04377000 294.81690000 -93.97121000 71.62795000 16.00000000
//collider
COOBB N 260.38430000 -94.31394000 -23.10442000 260.88430000 -94.31394000 -23.10927000 260.51170000 -94.31394000 -9.99078300 16.00000000
//-collider
COOBB Y 348.18420000 -84.64011000 62.65618000 348.19020000 -84.64011000 62.15622000 351.08540000 -84.64011000 62.69094000 16.00000000
//-collider
COAABB Y 310.737 -93.757 -126.847 321.688 -77.757 -126.302
//-collider
COOBB Y 323.27620000 -87.21027000 -168.50250000 323.39310000 -87.21027000 -168.01630000 320.23790000 -87.21027000 -167.77190000 16.00000000
//-collider
COOBB Y 321.62630000 -93.75732000 126.44540000 321.27560000 -93.75732000 126.08900000 323.28130000 -93.75732000 124.81680000 16.00000000
//-collider
COOBB Y 396.29220000 -84.55911000 -35.32949000 396.64510000 -84.55911000 -35.68375000 399.76900000 -84.55911000 -31.86661000 17.23724000
//-collider
COOBB Y 320.23880000 -87.21027000 -180.85870000 320.45980000 -87.21027000 -181.30720000 323.15060000 -87.21027000 -179.42420000 16.00000000
//-collider
COOBB Y 217.12550000 -92.54601000 90.36371000 217.50690000 -92.54601000 90.04037000 226.14090000 -92.54601000 100.99750000 16.00000000
//collider
COOBB N 357.68440000 -90.47253000 81.32938000 357.79460000 -90.47253000 80.84166000 358.16090000 -90.47253000 81.43694000 16.00000000
//-collider
COAABB Y 277.754 -87.210 -161.535 278.275 -71.210 -156.866
//collider
COOBB N 345.70030000 -82.08463000 -7.56290400 345.34810000 -82.08463000 -7.91776100 350.17400000 -82.08463000 -12.00368000 16.00000000
//-collider
COOBB Y 321.24250000 -87.21027000 183.06120000 321.59820000 -87.21027000 183.41260000 313.76400000 -87.21027000 190.63150000 16.00000000
//-collider
COAABB Y 290.959 -94.314 -74.605 294.297 -78.314 -74.103
//-collider
COOBB Y 323.25110000 -93.75732000 -125.13450000 322.88640000 -93.75732000 -124.79250000 321.68830000 -93.75732000 -126.80160000 16.00000000
//-collider
COAABB Y 310.399 -93.971 71.756 310.901 -77.971 75.699
//-collider
COAABB Y 362.991 -84.640 74.446 368.846 -68.640 74.952
//-collider
COOBB Y 166.99790000 -98.86048000 6.00149500 167.37660000 -98.86048000 5.67495700 167.86910000 -98.86048000 7.01170600 16.00000000
//-collider
COOBB Y 175.50420000 -96.62414000 23.25455000 175.13510000 -96.62414000 23.59179000 174.59130000 -96.62414000 22.25530000 16.00000000
//-collider
COAABB Y 401.165 -82.085 -5.865 418.306 -66.085 -5.306
//-collider
COAABB Y 333.682 -93.757 114.306 334.210 -77.757 133.419
//collider
COAABB N 282.124 -94.314 6.938 282.640 -78.314 13.474
//-collider
COOBB Y 350.09920000 -90.47253000 88.89906000 350.09310000 -90.47253000 89.39903000 347.06820000 -90.47253000 88.86256000 16.00000000
//collider
COAABB N 283.825 -94.314 5.964 285.481 -78.314 6.473
//-collider
COOBB Y 308.44380000 -94.31394000 -77.97783000 308.79290000 -94.31394000 -78.33574000 310.46110000 -94.31394000 -76.00987000 16.00000000
//-collider
COOBB Y 310.39940000 -93.97121000 75.69901000 310.74040000 -93.97121000 76.06466000 308.42080000 -93.97121000 77.54440000 16.00000000
//-collider
COOBB Y 209.05280000 -96.62414000 -5.34212200 209.43910000 -96.62414000 -5.65963200 210.26510000 -96.62414000 -3.86740000 16.00000000
//-collider
COOBB Y 354.67090000 -93.75732000 90.06474000 354.71220000 -93.75732000 89.56644000 357.71670000 -93.75732000 90.31665000 16.00000000
//-collider
COOBB Y 381.98010000 -84.64011000 70.77209000 382.30640000 -84.64011000 71.15090000 379.91380000 -84.64011000 72.55218000 16.00000000
//-collider
COOBB Y 346.01040000 -84.64011000 73.46311000 346.36590000 -84.64011000 73.81469000 345.00030000 -84.64011000 74.48452000 16.00000000
//-collider
COOBB Y 363.98260000 -84.64011000 63.51398000 363.66270000 -84.64011000 63.12973000 364.97460000 -84.64011000 62.68801000 16.00000000
//-collider
COOBB Y 303.14460000 -78.53467000 23.76543000 303.15120000 -78.53467000 24.26538000 299.18300000 -78.53467000 23.81769000 16.00490000
//-collider
COOBB Y 311.45910000 -78.49796000 -10.00014000 311.95900000 -78.49796000 -10.01065000 311.50020000 -78.49796000 -8.04259400 16.00122000
//-collider
COOBB Y 277.65050000 -88.43869000 -143.92450000 278.09570000 -88.43869000 -144.15230000 278.85700000 -88.43869000 -141.56660000 16.00000000
//collider
COOBB N 374.04860000 -82.08463000 -11.29352000 374.40450000 -82.08463000 -11.64466000 375.51970000 -82.08463000 -9.80226700 16.00000000
//collider
COOBB N 100.32460000 -106.24690000 23.13955000 100.03470000 -106.24690000 23.54692000 97.31590000 -106.24690000 20.99847000 16.00000000
//-collider
COOBB Y 355.06770000 -84.64011000 62.66245000 355.40280000 -84.64011000 62.29141000 355.94130000 -84.64011000 63.45163000 16.00000000
//-collider
COOBB Y 277.75390000 -87.21027000 -156.86870000 277.92250000 -87.21027000 -156.39790000 275.87510000 -87.21027000 -156.19610000 16.00000000
//-collider
COOBB Y 249.35260000 -94.31394000 -56.02879000 248.99870000 -94.31394000 -56.38202000 252.50090000 -94.31394000 -59.18279000 16.00000000
//-collider
COOBB Y 202.79690000 -92.54601000 125.99170000 202.33180000 -92.54601000 126.17510000 201.68520000 -92.54601000 123.17280000 16.00000000
//-collider
COOBB Y 282.06700000 -88.43869000 -141.52420000 282.46000000 -88.43869000 -141.83320000 286.44040000 -88.43869000 -135.96120000 16.00000000
//-collider
COAABB Y 248.816 -94.314 -56.029 249.353 -78.314 -25.199
//-collider
COOBB Y 298.09940000 -78.50041000 -11.40241000 298.45920000 -78.50041000 -11.05521000 297.08130000 -78.50041000 -10.34734000 16.00245000
//-collider
COAABB Y 185.615 -96.624 13.021 186.120 -80.624 23.201
//collider
COOBB N 354.06710000 -82.08463000 -11.27979000 353.70610000 -82.08463000 -10.93385000 351.84910000 -82.08463000 -13.59441000 16.00000000
//collider
COOBB N 283.11800000 -94.31394000 5.49458900 283.52990000 -94.31394000 5.77804900 282.12380000 -94.31394000 6.93929400 16.00000000
//-collider
COOBB Y 185.59630000 -96.62414000 -23.16396000 186.09630000 -96.62414000 -23.16837000 185.68530000 -96.62414000 -13.06142000 16.00000000
//collider
COAABB N 276.338 -94.314 -13.258 276.886 -78.314 -6.859
//-collider
COOBB Y 310.39940000 -88.43869000 -139.84900000 310.74040000 -88.43869000 -139.48330000 308.42080000 -88.43869000 -138.00360000 16.00000000
//collider
COAABB N 374.563 -90.473 75.309 375.136 -74.473 88.090
//-collider
COOBB Y 357.71640000 -93.75732000 109.49150000 358.06990000 -93.75732000 109.84510000 354.46390000 -93.75732000 112.74220000 16.00000000
//collider
COAABB N 96.704 -106.247 -20.468 97.253 -90.247 -7.739
//-collider
COOBB Y 156.72170000 -101.72290000 4.33665000 157.06390000 -101.72290000 4.70114900 155.61090000 -101.72290000 5.37965400 16.00000000
//-collider
COOBB Y 337.09240000 -84.64011000 72.49960000 336.77690000 -84.64011000 72.88749000 335.07020000 -84.64011000 70.85474000 16.00000000
//-collider
COAABB Y 310.562 -78.481 10.979 311.062 -62.478 12.973
//-collider
COOBB Y 166.81470000 -98.86048000 11.88337000 167.17480000 -98.86048000 11.53652000 168.58520000 -98.86048000 13.72172000 16.00000000
//collider
COOBB N 28.27140000 -106.24690000 23.12748000 27.98355000 -106.24690000 23.53631000 25.29147000 -106.24690000 21.02934000 16.00000000
//-collider
COAABB Y 202.797 -92.546 125.974 213.743 -76.546 126.492
//-collider
COOBB Y 333.69400000 -93.75732000 -82.12657000 334.05000000 -93.75732000 -81.77542000 330.40310000 -93.75732000 -78.79060000 16.00000000
//collider
COOBB N 107.75050000 -106.24690000 20.92955000 108.04510000 -106.24690000 21.33360000 104.75890000 -106.24690000 23.11024000 16.00000000
//-collider
COOBB Y 226.76520000 -92.54601000 109.93090000 227.05780000 -92.54601000 110.33630000 224.61050000 -92.54601000 111.48660000 16.00000000
//-collider
COAABB Y 285.545 -87.210 168.704 286.073 -71.210 179.068
//-collider
COOBB Y 258.20830000 -94.31394000 -23.77992000 258.49300000 -94.31394000 -24.19093000 259.17460000 -94.31394000 -23.11057000 16.00000000
//-collider
COAABB Y 310.201 -93.757 133.675 310.719 -77.757 136.685
//-collider
COOBB Y 299.25630000 -78.53467000 -24.12090000 299.56480000 -78.53467000 -23.72750000 297.09970000 -78.53467000 -22.42919000 16.00490000
//-collider
COAABB Y 310.471 -78.505 -12.879 310.979 -62.500 -11.055
//-collider
COAABB Y 371.180 -82.085 35.384 388.306 -66.085 35.888
//-collider
COAABB Y 210.210 -96.624 2.232 210.713 -80.624 3.904
//-collider
COOBB Y 299.20130000 -93.38924000 -71.86243000 299.21850000 -93.38924000 -72.36214000 302.23880000 -93.38924000 -71.75784000 16.01479000
//-collider
COOBB Y 198.83000000 -92.54601000 124.34050000 198.47230000 -92.54601000 124.68990000 191.45720000 -92.54601000 116.79190000 16.00000000
//-collider
COAABB Y 296.951 -78.494 -3.997 297.451 -62.493 -1.992
//-collider
COOBB Y 399.78510000 -82.08463000 31.94922000 400.13810000 -82.08463000 32.30332000 396.35590000 -82.08463000 35.36782000 16.00000000
//-collider
COOBB Y 261.38960000 -94.31394000 -48.88480000 261.74410000 -94.31394000 -48.53221000 259.76230000 -94.31394000 -47.24860000 16.00000000
//collider
COOBB N 382.44190000 -82.08463000 6.01850400 382.82500000 -82.08463000 6.33968700 377.66370000 -82.08463000 11.71930000 16.00000000
//-collider
COOBB Y 398.91960000 -82.08463000 24.29069000 398.93030000 -82.08463000 23.79080000 399.77880000 -82.08463000 24.30900000 16.00000000
//-collider
COOBB Y 264.43420000 -94.31394000 -77.92336000 264.04190000 -94.31394000 -77.61344000 262.79210000 -94.31394000 -80.00224000 16.00000000
//-collider
COAABB Y 185.780 -96.624 -10.843 186.296 -80.624 -5.289
//-collider
COOBB Y 380.70520000 -82.08463000 -23.80443000 380.20530000 -82.08463000 -23.79357000 380.66440000 -82.08463000 -25.68295000 16.00000000
//collider
COOBB N 278.34480000 -94.31394000 -14.71227000 278.34950000 -94.31394000 -15.21225000 280.56500000 -94.31394000 -14.69133000 16.00000000
//-collider
COOBB Y 271.51960000 -87.21027000 -149.64760000 272.01960000 -87.21027000 -149.64030000 271.44090000 -87.21027000 -144.31800000 16.00000000
//-collider
COAABB Y 226.712 -93.757 101.790 237.665 -77.757 102.310
//-collider
COOBB Y 401.25090000 -82.08463000 5.32000400 401.59140000 -82.08463000 5.68606800 399.77250000 -82.08463000 6.69544300 16.00000000
//-collider
COOBB Y 291.03330000 -88.43869000 -141.31670000 291.03990000 -88.43869000 -141.81670000 294.09100000 -88.43869000 -141.27660000 16.00000000
//-collider
COOBB Y 294.62540000 -94.31394000 -72.09651000 294.12960000 -94.31394000 -72.03158000 294.29680000 -94.31394000 -74.60519000 16.00000000
//-collider
COAABB Y 251.297 -93.757 88.741 262.299 -77.757 89.296
//-collider
COOBB Y 242.61860000 -93.75732000 -78.76600000 242.26510000 -93.75732000 -78.41243000 239.21810000 -93.75732000 -82.16606000 16.00000000
//-collider
COAABB Y 262.260 -93.757 -137.176 262.782 -77.757 -134.325
//-collider
COOBB Y 287.55050000 -87.21027000 183.07250000 287.08480000 -87.21027000 182.89040000 288.65810000 -87.21027000 180.24110000 16.00000000
//-collider
COOBB Y 272.59740000 -88.43869000 -143.94990000 272.95490000 -88.43869000 -144.29950000 274.47860000 -88.43869000 -142.02640000 16.00000000
//-collider
COOBB Y 362.99140000 -84.64011000 74.44610000 362.66080000 -84.64011000 74.82124000 362.07120000 -84.64011000 73.63520000 16.00000000
//-collider
COOBB Y 274.47860000 -88.43869000 -142.02640000 274.11090000 -88.43869000 -142.36520000 276.23290000 -88.43869000 -143.93030000 16.00000000
//-collider
COOBB Y 347.96550000 -90.47253000 81.30501000 347.46750000 -90.47253000 81.25988000 348.03570000 -90.47253000 80.52985000 16.00000000
//-collider
COAABB Y 249.662 -93.757 -125.222 250.261 -77.757 -90.983
//-collider
COOBB Y 367.22910000 -84.55911000 49.08709000 366.72930000 -84.55911000 49.07145000 367.25910000 -84.55911000 48.12976000 16.00000000
//-collider
COAABB Y 298.732 -93.592 35.790 299.254 -62.527 60.161
//-collider
COOBB Y 321.30940000 -87.21027000 -164.80400000 321.63400000 -87.21027000 -164.42370000 311.25960000 -87.21027000 -156.22810000 16.00000000
//-collider
COAABB Y 310.201 -93.757 -81.886 310.719 -77.757 -78.717
//collider
COAABB N 341.964 -84.559 49.597 342.508 -68.559 61.804
//-collider
COOBB Y -5.12141900 -106.24690000 5.99005600 -5.57342300 -106.24690000 5.77629700 -4.51270400 -106.24690000 4.70289600 16.00000000
//-collider
COOBB Y 286.44040000 -88.43869000 -135.96120000 286.06090000 -88.43869000 -136.28670000 291.03340000 -88.43869000 -141.31670000 16.00000000
//-collider
COOBB Y 168.58520000 -98.86048000 13.72172000 168.23590000 -98.86048000 13.36390000 169.45360000 -98.86048000 12.87413000 16.00000000
//-collider
COOBB Y 157.35670000 -101.72290000 10.85652000 156.85670000 -101.72290000 10.86181000 157.31840000 -101.72290000 7.23804300 16.00000000
//-collider
COOBB Y 299.03250000 -78.48572000 5.56909200 299.40050000 -78.48572000 5.90760400 297.10050000 -78.48572000 7.66926800 16.00122000
//-collider
COAABB Y 156.850 -101.723 13.053 157.390 -85.723 23.152
//-collider
COOBB Y 347.12260000 -90.47253000 81.43641000 347.04560000 -90.47253000 80.94238000 347.96550000 -90.47253000 81.30502000 16.00000000
//-collider
COOBB Y 294.01490000 -88.09631000 140.72520000 294.00810000 -88.09631000 141.22510000 291.10500000 -88.09631000 140.68580000 16.00000000
//-collider
COAABB Y 185.641 -96.624 5.184 186.151 -80.624 11.097
//collider
COAABB N 28.228 -106.247 -23.581 32.686 -90.247 -23.043
//-collider
COAABB Y 261.389 -94.314 -48.885 270.721 -78.314 -48.369
//-collider
COOBB Y 382.02890000 -84.64011000 66.51871000 382.52880000 -84.64011000 66.52444000 381.98000000 -84.64011000 70.77209000 16.00000000
//-collider
COAABB Y 299.171 -87.210 143.247 302.572 -71.210 143.759
//collider
COOBB N 38.78227000 -106.24690000 5.97674800 38.50304000 -106.24690000 6.39151600 37.70289000 -106.24690000 5.25009300 16.00000000
//-collider
COOBB Y 286.44040000 -93.97121000 79.58676000 286.05150000 -93.97121000 79.27245000 290.77310000 -93.97121000 74.22678000 16.00000000
//-collider
COAABB Y 249.662 -93.757 90.290 250.239 -77.757 124.506
//collider
COOBB N 282.14940000 -94.31394000 -6.93999100 282.56560000 -94.31394000 -7.21709300 283.13050000 -94.31394000 -5.46644300 16.00000000
//-collider
COAABB Y 309.709 -87.210 143.773 310.276 -71.210 155.654
//-collider
COOBB Y 157.31950000 -101.72290000 -11.06780000 156.96800000 -101.72290000 -11.42337000 158.24350000 -101.72290000 -11.98128000 16.00000000
//-collider
COAABB Y 298.005 -78.491 -1.053 298.506 -62.488 0.977
//-collider
COOBB Y 310.75490000 -93.75732000 -86.26006000 310.25510000 -93.75732000 -86.27214000 310.82710000 -93.75732000 -89.24844000 16.00000000
//-collider
COOBB Y 173.53820000 -96.62414000 -23.16571000 173.87080000 -96.62414000 -23.53910000 174.50500000 -96.62414000 -22.30477000 16.00000000
//-collider
COAABB Y 306.820 -94.314 -72.263 310.465 -78.314 -71.745
//collider
COAABB N 356.605 -82.085 18.502 371.873 -66.085 19.038
//-collider
COAABB Y 290.934 -94.314 -93.721 305.764 -78.314 -93.162
//-collider
COAABB Y 285.275 -87.210 -179.794 285.816 -71.210 -168.462
//-collider
COOBB Y 273.33310000 -87.21027000 -167.39220000 273.67750000 -87.21027000 -167.75470000 276.50880000 -87.21027000 -164.37470000 16.00000000
//-collider
COAABB Y 340.032 -82.085 28.000 340.566 -66.085 31.915
//collider
COAABB N 211.524 -94.314 5.876 244.425 -78.314 6.541
//-collider
COAABB Y 346.568 -90.473 81.433 347.123 -74.473 88.863
//-collider
COOBB Y 309.52390000 -78.51509000 -17.98171000 309.87860000 -78.51509000 -18.33408000 311.48430000 -78.51509000 -16.00809000 16.00245000
//-collider
COOBB Y 369.72530000 -90.47253000 75.29708000 369.27800000 -90.47253000 75.07352000 370.13160000 -90.47253000 74.48423000 16.00000000
//-collider
COAABB Y 294.625 -94.314 -72.097 296.392 -78.314 -71.597
//-collider
COAABB Y 202.845 -92.546 88.452 213.503 -76.546 88.987
//-collider
COAABB Y 398.865 -83.322 -24.313 399.803 -66.703 -23.810
//-collider
COAABB Y 384.773 -82.085 24.200 389.230 -66.085 24.702
//collider
COOBB N 388.34040000 -82.08463000 5.96419000 388.34500000 -82.08463000 6.46417000 382.44190000 -82.08463000 6.01850400 16.00000000
//collider
COOBB N 104.76190000 -106.24690000 -22.83605000 105.06890000 -106.24690000 -23.23069000 107.74460000 -106.24690000 -20.51567000 16.00000000
//collider
COOBB N 246.54780000 -94.31394000 6.37828200 246.46930000 -94.31394000 6.87208000 244.42540000 -94.31394000 6.04083200 16.00000000
//-collider
COOBB Y 305.76350000 -94.31394000 -93.22116000 306.13470000 -94.31394000 -93.55602000 310.31190000 -94.31394000 -88.17768000 16.00000000
//-collider
COOBB Y 262.51730000 -94.31394000 -72.29559000 262.01740000 -94.31394000 -72.30163000 262.56200000 -94.31394000 -75.99241000 16.00000000
//-collider
COOBB Y 297.11820000 -78.49306000 -1.61867500 297.45070000 -78.49306000 -1.99209200 298.17340000 -78.49306000 -0.67906540 16.00245000
//-collider
COOBB Y 262.28760000 -93.72046000 -89.29971000 262.78740000 -93.72046000 -89.28844000 262.22100000 -93.72046000 -86.34677000 16.00613000
//collider
COAABB N 35.755 -106.247 7.804 36.271 -90.247 21.006
//-collider
COAABB Y 399.769 -84.559 -31.869 400.302 -67.322 -24.313
//collider
COOBB N 244.37930000 -94.31394000 -6.05677600 244.31000000 -94.31394000 -6.55195000 246.45180000 -94.31394000 -6.34681200 16.00000000
//-collider
COOBB Y 310.56150000 -78.47838000 12.97283000 310.93870000 -78.47838000 12.64472000 311.48350000 -78.47838000 14.03300000 16.00122000
//-collider
COOBB Y 158.37510000 -101.72290000 11.98767000 158.00350000 -101.72290000 12.32222000 157.35670000 -101.72290000 10.85652000 16.00000000
//-collider
COAABB Y 309.705 -78.535 -36.315 310.237 -62.456 -24.164
//-collider
COOBB Y 271.44100000 -87.21027000 -144.31800000 271.42240000 -87.21027000 -143.81830000 270.37190000 -87.21027000 -144.35770000 16.00000000
//-collider
COAABB Y 167.751 -98.860 -4.905 168.327 -82.860 5.084
//-collider
COOBB Y 278.18460000 -94.31394000 -72.05034000 278.17670000 -94.31394000 -71.55040000 276.56250000 -94.31394000 -72.07619000 16.00000000
//-collider
COOBB Y 226.14090000 -92.54601000 100.99750000 226.57210000 -92.54601000 101.25070000 224.69870000 -92.54601000 103.45330000 16.00000000
//collider
COAABB N 347.953 -84.559 53.366 348.496 -68.559 61.902
//-collider
COOBB Y 368.83760000 -84.55911000 55.48166000 369.33730000 -84.55911000 55.50089000 368.80770000 -84.55911000 56.25867000 16.00000000
//collider
COAABB N 264.403 -94.314 -6.511 275.209 -78.314 -5.943
//-collider
COAABB Y 138.412 -106.247 2.282 138.923 -90.247 3.625
//collider
COOBB N 376.21750000 -82.08463000 13.46104000 376.59740000 -82.08463000 13.78613000 371.87270000 -82.08463000 18.53832000 16.00000000
//-collider
COOBB Y 275.87510000 -87.21027000 -156.19610000 276.34070000 -87.21027000 -156.37820000 276.62770000 -87.21027000 -154.27160000 16.00000000
//-collider
COOBB Y 310.52440000 -78.48817000 0.97677250 310.89510000 -78.48817000 0.64120420 311.46620000 -78.48817000 2.01698100 16.00122000
//collider
COAABB N 347.995 -84.559 53.366 358.730 -68.559 53.890
//-collider
COOBB Y 379.87200000 -84.64011000 64.66341000 380.19810000 -84.64011000 64.28436000 382.02880000 -84.64011000 66.51871000 16.00000000
//-collider
COOBB Y 371.18010000 -82.08463000 35.38763000 371.53850000 -82.08463000 35.73632000 369.71430000 -82.08463000 36.89411000 16.00000000
//-collider
COOBB Y 298.52060000 -93.97121000 73.56994000 298.10340000 -93.97121000 73.29430000 299.76190000 -93.97121000 71.69128000 16.00000000
//-collider
COOBB Y 286.45500000 -94.31394000 -80.10709000 286.85340000 -94.31394000 -79.80502000 282.15830000 -94.31394000 -74.43974000 16.00000000
