COCOUNT 578
//-collider
COAABB Y 156.850 -101.723 13.053 157.390 -85.723 23.152
//-collider
COOBB Y 347.13460000 -93.75732000 -100.75350000 346.79170000 -93.75732000 -100.38960000 345.75500000 -93.75732000 -102.05390000 16.00000000
//-collider
COOBB Y 226.37000000 -93.17434000 110.19090000 226.67950000 -93.17434000 110.58360000 224.69080000 -93.17434000 111.51420000 16.00000000
//-collider
COOBB Y 298.29210000 -88.05493000 189.43010000 298.41540000 -88.05493000 189.91470000 295.12160000 -88.05493000 190.23740000 16.00000000
//-collider
COOBB Y 361.99050000 -84.64011000 -73.42035000 361.65960000 -84.64011000 -73.79519000 362.97060000 -84.64011000 -74.28558000 16.00000000
//-collider
COOBB Y 380.70520000 -82.08463000 -23.80443000 380.20530000 -82.08463000 -23.79357000 380.66440000 -82.08463000 -25.68295000 16.00000000
//-collider
COOBB Y 345.92650000 -84.64011000 -73.31801000 345.60110000 -84.64011000 -73.69759000 347.03710000 -84.64011000 -74.27022000 16.00000000
//-collider
COOBB Y 348.85480000 -90.49366000 -80.44571000 348.45010000 -90.49366000 -80.15200000 348.15900000 -90.49366000 -81.40426000 16.00000000
//-collider
COAABB Y 346.635 -93.757 -100.754 347.163 -77.757 -89.691
//-collider
COOBB Y 344.74790000 -82.08463000 23.78803000 344.75490000 -82.08463000 23.28808000 348.30780000 -82.08463000 23.83789000 16.00000000
//collider
COOBB N 382.20010000 -82.08463000 -5.23697000 382.19150000 -82.08463000 -5.73689600 388.49070000 -82.08463000 -5.34555300 16.00000000
//-collider
COOBB Y 217.27850000 -91.44381000 -124.36050000 217.65920000 -91.44381000 -124.68470000 226.40110000 -91.44381000 -113.64520000 16.00000000
//collider
COOBB N 375.59240000 -82.08463000 8.86663900 375.94430000 -82.08463000 9.22188200 373.14110000 -82.08463000 11.29463000 16.00000000
//-collider
COOBB Y 173.33720000 -98.86048000 12.82051000 173.67730000 -98.86048000 12.45402000 174.50500000 -98.86048000 13.90425000 16.00000000
//-collider
COOBB Y 286.55070000 -88.43869000 -135.73710000 286.17870000 -88.43869000 -136.07130000 291.17450000 -88.43869000 -140.88420000 16.00000000
//collider
COOBB N 246.45180000 -94.31394000 -6.34681300 246.08440000 -94.31394000 -6.68593500 247.92800000 -94.31394000 -7.94621100 16.00000000
//-collider
COAABB Y 262.849 -93.971 71.274 266.256 -77.971 71.791
//-collider
COAABB Y 374.530 -84.640 64.217 379.677 -68.640 64.755
//-collider
COOBB Y 358.79810000 -84.64011000 62.73976000 359.09880000 -84.64011000 62.34034000 359.99460000 -84.64011000 63.64073000 16.00000000
//-collider
COOBB Y 184.68860000 -96.62414000 -12.05322000 185.06010000 -96.62414000 -12.38787000 185.77990000 -96.62414000 -10.84183000 16.00000000
//-collider
COOBB Y 357.06410000 -84.64011000 74.23631000 357.05130000 -84.64011000 74.73615000 355.19400000 -84.64011000 74.18852000 16.00000000
//-collider
COOBB Y 399.78510000 -82.08463000 32.19247000 400.13660000 -82.08463000 32.54805000 396.57290000 -82.08463000 35.36782000 16.00000000
//-collider
COOBB Y 340.53220000 -82.08463000 28.10723000 340.19210000 -82.08463000 27.74071000 344.25410000 -82.08463000 24.65357000 16.00000000
//-collider
COOBB Y 242.40260000 -93.75732000 136.74540000 242.05040000 -93.75732000 137.10030000 239.21810000 -93.75732000 133.58440000 16.00000000
//-collider
COOBB Y 313.23170000 -88.05493000 190.76070000 312.93280000 -88.05493000 191.16150000 311.08480000 -88.05493000 189.15980000 16.00000000
//-collider
COOBB Y 214.76570000 -93.17434000 91.79921000 214.52990000 -93.17434000 91.35835000 217.15390000 -93.17434000 90.52155000 16.00000000
//collider
COAABB N 358.188 -90.494 -83.640 369.140 -74.494 -83.051
//-collider
COAABB Y 175.451 -96.624 -23.690 185.598 -80.624 -23.164
//-collider
COOBB Y 347.11690000 -84.55911000 -62.57524000 347.40110000 -84.55911000 -62.98664000 347.89030000 -84.55911000 -62.04105000 16.00000000
//collider
COOBB N 280.56490000 -94.31394000 -14.66452000 280.92260000 -94.31394000 -15.01394000 282.08700000 -94.31394000 -13.10663000 16.00000000
//-collider
COOBB Y 199.19470000 -91.44381000 -124.72710000 199.43970000 -91.44381000 -125.16300000 201.72660000 -91.44381000 -123.30370000 16.00000000
//-collider
COOBB Y 342.73580000 -84.55911000 48.26112000 342.72980000 -84.55911000 47.76116000 362.02730000 -84.55911000 48.02869000 16.00000000
//collider
COOBB N 347.89030000 -84.55911000 -62.04105000 348.39030000 -84.55911000 -62.04648000 347.98810000 -84.55911000 -53.03762000 16.00000000
//-collider
COOBB Y 342.71950000 -84.64011000 -74.23351000 342.68820000 -84.64011000 -74.73254000 344.72500000 -84.64011000 -74.35917000 16.00000000
//-collider
COAABB Y 346.762 -93.757 90.205 347.312 -77.757 100.422
//-collider
COOBB Y 321.62630000 -93.75732000 126.44540000 321.27560000 -93.75732000 126.08900000 323.28130000 -93.75732000 124.81680000 16.00000000
//-collider
COAABB Y 266.461 -88.096 140.918 282.050 -72.096 141.430
//-collider
COOBB Y 237.81560000 -93.75732000 -102.12060000 237.80050000 -93.75732000 -101.62090000 226.73750000 -93.75732000 -102.45550000 16.00000000
//-collider
COOBB Y 368.97290000 -84.64011000 -62.99619000 368.69900000 -84.64011000 -62.57783000 367.98220000 -84.64011000 -63.64459000 16.00000000
//-collider
COOBB Y 305.62030000 -88.09631000 122.05460000 305.98170000 -88.09631000 121.70910000 310.31190000 -88.09631000 126.96080000 16.00000000
//-collider
COOBB Y 320.93870000 -88.05493000 164.74390000 321.39860000 -88.05493000 164.94000000 319.82490000 -88.05493000 167.35610000 16.00000000
//-collider
COOBB Y 322.78060000 -88.05493000 179.46400000 322.87210000 -88.05493000 179.95550000 320.21710000 -88.05493000 179.94100000 16.00000000
//-collider
COOBB Y 353.01390000 -84.64011000 62.80076000 353.00400000 -84.64011000 62.30086000 355.04710000 -84.64011000 62.76038000 16.00000000
//-collider
COOBB Y 305.35870000 -94.31394000 -92.98741000 305.71880000 -94.31394000 -93.33438000 310.31190000 -94.31394000 -87.84790000 16.00000000
//-collider
COOBB Y 224.69090000 -93.17434000 111.51420000 225.09390000 -93.17434000 111.21830000 226.33620000 -93.17434000 113.75530000 16.00000000
//-collider
COOBB Y 168.55540000 -96.62414000 22.22020000 168.90080000 -96.62414000 22.58175000 167.54600000 -96.62414000 23.18448000 16.00000000
//-collider
COAABB Y 202.434 -91.444 -88.950 213.760 -75.444 -88.448
//-collider
COOBB Y 166.81470000 -98.86048000 11.88337000 167.17480000 -98.86048000 11.53652000 168.58520000 -98.86048000 13.72172000 16.00000000
//-collider
COAABB Y 371.180 -82.085 35.368 396.573 -66.085 35.888
//-collider
COOBB Y 192.52250000 -93.17434000 113.99370000 192.36560000 -93.17434000 114.46840000 189.70000000 -93.17434000 113.06050000 16.00000000
//-collider
COOBB Y 264.62720000 -93.97121000 77.48271000 264.25580000 -93.97121000 77.81746000 262.85010000 -93.97121000 75.51099000 16.00000000
//-collider
COOBB Y 286.10480000 -88.05493000 168.02120000 286.01700000 -88.05493000 167.52890000 288.89790000 -88.05493000 167.52290000 16.00000000
//-collider
COAABB Y 359.264 -84.640 74.210 361.135 -68.640 74.715
//-collider
COAABB Y 298.659 -88.055 144.193 299.171 -72.055 155.723
//-collider
COAABB Y 342.222 -84.559 48.258 342.736 -68.559 50.330
//-collider
COAABB Y 346.704 -90.473 81.509 347.236 -74.473 88.759
//-collider
COAABB Y 369.093 -84.640 62.175 372.862 -68.640 62.701
//-collider
COOBB Y 342.01610000 -84.55911000 -61.40500000 341.65930000 -84.55911000 -61.75529000 343.08360000 -84.55911000 -62.49235000 16.00000000
//-collider
COOBB Y 216.97970000 -91.44381000 -90.35146000 216.72350000 -91.44381000 -89.92207000 214.76390000 -91.44381000 -91.67357000 16.00000000
//-collider
COOBB Y 185.68530000 -96.62414000 -13.06143000 186.04090000 -96.62414000 -12.70991000 184.68860000 -96.62414000 -12.05321000 16.00000000
//-collider
COOBB Y 305.98860000 -93.97121000 74.02702000 306.36940000 -93.97121000 73.70303000 310.31190000 -93.97121000 79.10844000 16.00000000
//-collider
COOBB Y 174.50500000 -98.86048000 13.90425000 174.14340000 -98.86048000 13.55888000 176.33400000 -98.86048000 11.98947000 16.00000000
//-collider
COOBB Y 242.50250000 -93.75732000 -78.17660000 242.14650000 -93.75732000 -77.82549000 239.21810000 -93.75732000 -81.50642000 16.00000000
//-collider
COOBB Y 251.29900000 -93.75732000 88.74074000 251.64280000 -93.75732000 89.10377000 249.66180000 -93.75732000 90.29134000 16.00000000
//-collider
COAABB Y 238.741 -93.757 -133.496 239.249 -77.757 -114.608
//collider
COOBB N 353.00360000 -82.08463000 8.78265400 353.29430000 -82.08463000 9.18945400 350.08380000 -82.08463000 10.86924000 16.00000000
//collider
COOBB N 375.03740000 -82.08463000 -13.51729000 375.40590000 -82.08463000 -13.17926000 373.30820000 -82.08463000 -11.63264000 16.00000000
//-collider
COAABB Y 202.580 -91.444 -126.586 213.786 -75.444 -126.033
//-collider
COAABB Y 310.827 -93.757 125.878 321.630 -77.757 126.445
//-collider
COAABB Y 290.986 -94.314 -93.487 305.359 -78.314 -92.912
//-collider
COOBB Y 176.28550000 -98.86048000 -11.95975000 175.93190000 -98.86048000 -11.60625000 174.51520000 -98.86048000 -13.73051000 16.00000000
//-collider
COAABB Y 369.560 -82.085 36.899 370.090 -66.085 47.569
//-collider
COOBB Y 335.45140000 -84.64011000 -70.63515000 335.12070000 -84.64011000 -71.01014000 337.37380000 -84.64011000 -72.33065000 16.00000000
//-collider
COOBB Y 363.00760000 -84.64011000 -62.74844000 363.01600000 -84.64011000 -62.24850000 361.07230000 -84.64011000 -62.71603000 16.00000000
//-collider
COOBB Y 169.50260000 -98.86048000 -12.74496000 169.15720000 -98.86048000 -12.38345000 168.46530000 -98.86048000 -13.73611000 16.00000000
//-collider
COOBB Y 353.22070000 -84.55911000 -62.83447000 352.93710000 -84.55911000 -62.42264000 352.02580000 -84.55911000 -63.65714000 16.00000000
//-collider
COAABB Y 202.531 -93.174 126.028 213.974 -77.174 126.588
//-collider
COOBB Y 306.46450000 -88.05493000 155.70160000 306.85520000 -88.05493000 155.38960000 308.24180000 -88.05493000 157.92770000 16.00000000
//-collider
COAABB Y 226.210 -91.444 -113.464 226.723 -75.444 -109.798
//-collider
COOBB Y 333.63830000 -93.75732000 100.53020000 333.98340000 -93.75732000 100.16840000 335.50780000 -93.75732000 102.31320000 16.00000000
//-collider
COOBB Y 239.24860000 -93.75732000 -133.49550000 238.88760000 -93.75732000 -133.84140000 242.44230000 -93.75732000 -136.82770000 16.00000000
//-collider
COOBB Y 286.44040000 -88.09631000 127.17720000 286.08820000 -88.09631000 126.82230000 291.53290000 -88.09631000 122.12380000 16.00000000
//collider
COOBB N 262.55280000 -94.31394000 6.36154700 262.90000000 -94.31394000 6.72129900 260.83310000 -94.31394000 8.02144100 16.00000000
//-collider
COAABB Y 380.705 -82.085 -23.805 384.276 -66.085 -23.304
//-collider
COAABB Y 156.807 -101.723 -23.134 157.332 -85.723 -13.074
//-collider
COOBB Y 362.02280000 -90.47253000 73.43201000 362.32980000 -90.47253000 73.82671000 360.92550000 -90.47253000 74.28535000 16.00000000
//-collider
COAABB Y 242.502 -93.757 -78.177 262.041 -77.757 -77.672
//-collider
COOBB Y 258.08980000 -94.31394000 24.33679000 258.32620000 -94.31394000 23.89625000 259.97080000 -94.31394000 25.34659000 16.00000000
//-collider
COOBB Y 213.78560000 -91.44381000 -126.08570000 214.25870000 -91.44381000 -126.24770000 214.75590000 -91.44381000 -123.25280000 16.00000000
//-collider
COAABB Y 157.332 -101.723 -23.650 167.560 -80.624 -23.133
//-collider
COOBB Y 384.30800000 -82.08463000 23.76562000 384.80770000 -82.08463000 23.78045000 384.25350000 -82.08463000 25.60028000 16.00000000
//-collider
COOBB Y 359.39450000 -82.08463000 36.91353000 359.05750000 -82.08463000 37.28289000 357.80760000 -82.08463000 35.46561000 16.00000000
//-collider
COOBB Y 341.59730000 -84.64011000 -72.30965000 341.16540000 -84.64011000 -72.56156000 342.71950000 -84.64011000 -74.23353000 16.00000000
//-collider
COOBB Y 192.49150000 -91.44381000 -100.90630000 192.29210000 -91.44381000 -100.44780000 189.70000000 -91.44381000 -102.12040000 16.00000000
//-collider
COOBB Y 356.04660000 -84.55911000 -63.73463000 356.37920000 -84.55911000 -63.36131000 354.95260000 -84.55911000 -62.75995000 16.00000000
//collider
COOBB N 342.14120000 -84.55911000 -49.92495000 341.64120000 -84.55911000 -49.91950000 342.01610000 -84.55911000 -61.40501000 16.00000000
//-collider
COOBB Y 192.49220000 -91.44381000 -114.01390000 192.04680000 -91.44381000 -113.78680000 191.15970000 -91.44381000 -116.62780000 16.00000000
//-collider
COOBB Y 333.74740000 -93.75732000 -133.53430000 334.24740000 -93.75732000 -133.53970000 333.95560000 -93.75732000 -114.24880000 16.00000000
//-collider
COAABB Y 185.615 -96.624 13.021 186.120 -80.624 23.201
//-collider
COAABB Y 340.065 -82.085 -31.766 340.565 -66.085 -28.003
//-collider
COOBB Y 369.31920000 -90.47253000 75.21603000 368.90520000 -90.47253000 74.93572000 369.95680000 -90.47253000 74.27427000 16.00000000
//-collider
COOBB Y 286.45490000 -93.97121000 87.62348000 286.83110000 -93.97121000 87.95286000 281.76750000 -93.97121000 92.97698000 16.00000000
//-collider
COOBB Y 250.77370000 -94.31394000 23.89557000 250.47560000 -94.31394000 24.29700000 249.59060000 -94.31394000 23.01703000 16.00000000
//-collider
COOBB Y 267.44190000 -93.97121000 93.01024000 267.06660000 -93.97121000 93.34062000 262.79210000 -93.97121000 87.72832000 16.00000000
//-collider
COAABB Y 262.513 -94.314 46.713 263.028 -78.314 71.771
//-collider
COOBB Y 396.42720000 -84.55911000 -35.33231000 396.77740000 -84.55911000 -35.68924000 399.78520000 -84.55911000 -32.03812000 16.61862000
//collider
COOBB N 373.30820000 -82.08463000 -11.63263000 373.67940000 -82.08463000 -11.96758000 375.53860000 -82.08463000 -9.16057000 16.00000000
//-collider
COOBB Y 202.53410000 -93.17434000 126.02800000 202.05270000 -93.17434000 126.16300000 201.73090000 -93.17434000 123.16410000 16.00000000
//-collider
COOBB Y 350.89840000 -84.55911000 -62.63661000 350.90650000 -84.55911000 -62.13668000 347.11690000 -84.55911000 -62.57524000 16.00000000
//-collider
COOBB Y 167.75140000 -98.86048000 5.08024800 168.13840000 -98.86048000 5.39678400 166.99790000 -98.86048000 6.00149400 16.00000000
//-collider
COOBB Y 369.85710000 -83.32187000 -36.98144000 370.22520000 -83.32187000 -37.31990000 371.37640000 -83.32187000 -35.32949000 16.15466000
//-collider
COOBB Y 167.85200000 -98.86048000 -6.86326600 168.20150000 -98.86048000 -6.50567900 166.89960000 -98.86048000 -5.93245700 16.00000000
//-collider
COAABB Y 291.094 -94.314 -74.302 306.730 -78.314 -73.727
//-collider
COAABB Y 348.762 -82.085 24.162 380.221 -66.085 24.686
//-collider
COOBB Y 343.94620000 -82.08463000 35.45578000 343.58360000 -82.08463000 35.80000000 340.56590000 -82.08463000 31.89442000 16.00000000
//collider
COAABB N 348.118 -90.473 80.110 357.481 -74.473 80.646
//collider
COOBB N 388.44620000 -82.08463000 5.56745000 388.43360000 -82.08463000 6.06729000 382.23680000 -82.08463000 5.41016900 16.00000000
//-collider
COOBB Y 201.73090000 -93.17434000 123.16410000 201.97520000 -93.17434000 123.60040000 199.16870000 -93.17434000 124.59920000 16.00000000
//-collider
COOBB Y 357.99580000 -93.75732000 -89.82127000 358.03400000 -93.75732000 -89.32273000 354.60520000 -93.75732000 -89.56142000 16.00000000
//-collider
COOBB Y 210.26510000 -96.62414000 -3.86739900 210.76500000 -96.62414000 -3.85755400 210.23910000 -96.62414000 -2.54406100 16.00000000
//-collider
COAABB Y 368.955 -84.640 -63.055 374.029 -68.640 -62.519
//collider
COOBB N 352.62860000 -82.08463000 -13.59285000 352.29220000 -82.08463000 -13.96278000 357.06700000 -82.08463000 -17.62873000 16.00000000
//-collider
COOBB Y 287.67690000 -88.05493000 182.88020000 287.23440000 -88.05493000 182.64750000 288.93950000 -88.05493000 180.47900000 16.00000000
//-collider
COAABB Y 333.957 -93.757 -102.054 345.758 -77.757 -101.475
//-collider
COAABB Y 358.606 -83.051 -47.884 359.132 -67.013 -37.063
//-collider
COAABB Y 399.773 -82.085 6.695 400.285 -66.085 32.192
//collider
COAABB N 347.987 -84.559 -53.563 358.634 -68.559 -53.038
//-collider
COAABB Y 380.190 -82.085 23.733 380.694 -66.085 25.658
//-collider
COOBB Y 274.44400000 -93.97121000 73.41639000 274.50440000 -93.97121000 72.92004000 281.76310000 -93.97121000 74.30618000 16.00000000
//-collider
COAABB Y 189.200 -91.444 -113.314 189.725 -75.444 -102.120
//-collider
COOBB Y 347.20410000 -90.47253000 81.50902000 347.09310000 -90.47253000 81.02149000 347.96270000 -90.47253000 81.33631000 16.00000000
//-collider
COAABB Y 310.239 -93.757 -129.317 310.741 -77.757 -126.166
//-collider
COAABB Y 357.163 -84.640 -62.797 359.038 -68.640 -62.297
//-collider
COAABB Y 335.508 -93.757 101.813 345.566 -77.757 102.322
//-collider
COOBB Y 321.62630000 -93.75732000 -88.69579000 321.27560000 -93.75732000 -89.05216000 323.28130000 -93.75732000 -90.32439000 16.00000000
//-collider
COOBB Y 226.46260000 -91.44381000 -101.45770000 226.84280000 -91.44381000 -101.13300000 216.97970000 -91.44381000 -90.35145000 16.00000000
//collider
COOBB N 280.63860000 -94.31394000 14.57638000 280.64400000 -94.31394000 15.07635000 278.40260000 -94.31394000 14.60078000 16.00000000
//-collider
COOBB Y 346.96940000 -84.55911000 62.40280000 347.32730000 -84.55911000 62.05368000 347.60650000 -84.55911000 63.05601000 16.00000000
//-collider
COOBB Y 174.59130000 -96.62414000 22.25530000 174.91670000 -96.62414000 22.63489000 173.55060000 -96.62414000 23.14760000 16.00000000
//-collider
COOBB Y 262.28880000 -93.75732000 -81.35149000 262.78720000 -93.75732000 -81.31268000 262.04120000 -93.75732000 -78.17156000 16.00000000
//-collider
COOBB Y 357.71600000 -93.75732000 109.50420000 358.07270000 -93.75732000 109.85460000 354.56690000 -93.75732000 112.71040000 16.00000000
//-collider
COOBB Y 191.25040000 -93.17434000 116.74950000 190.79640000 -93.17434000 116.54000000 192.52250000 -93.17434000 113.99370000 16.00000000
//-collider
COAABB Y 185.795 -96.624 -5.842 209.053 -80.624 -5.289
//-collider
COOBB Y 169.54190000 -96.62414000 23.14778000 169.19940000 -96.62414000 23.51204000 168.55540000 -96.62414000 22.22020000 16.00000000
//-collider
COAABB Y 344.237 -82.085 -25.520 344.751 -66.085 -23.699
//-collider
COOBB Y 239.24860000 -93.75732000 81.49654000 238.89630000 -93.75732000 81.14171000 242.63600000 -93.75732000 78.13356000 16.00000000
//collider
COOBB N 373.14110000 -82.08463000 11.29462000 373.51500000 -82.08463000 10.96268000 375.12370000 -82.08463000 13.52802000 16.00000000
//collider
COOBB N 262.47300000 -94.31394000 -6.26720200 262.55560000 -94.31394000 -6.76032600 264.40620000 -94.31394000 -5.94325200 16.00000000
//-collider
COOBB Y 359.10620000 -83.07056000 -47.88415000 359.19850000 -83.07056000 -48.37557000 362.03330000 -83.07056000 -47.33464000 16.01933000
//-collider
COOBB Y 168.52240000 -96.62414000 -22.24823000 168.18880000 -96.62414000 -22.62076000 169.56150000 -96.62414000 -23.17849000 16.00000000
//-collider
COOBB Y 175.24920000 -98.86048000 -10.80756000 174.87740000 -98.86048000 -11.14192000 176.28550000 -98.86048000 -11.95975000 16.00000000
//-collider
COAABB Y 249.662 -93.757 90.290 250.261 -77.757 124.528
//-collider
COOBB Y 374.30190000 -90.47253000 87.32643000 374.80180000 -90.47253000 87.31913000 374.32110000 -90.47253000 88.64294000 16.00000000
//-collider
COAABB Y 343.941 -82.703 -35.828 357.569 -66.085 -35.327
//-collider
COAABB Y 252.527 -94.314 46.666 263.013 -78.314 47.213
//collider
COOBB N 355.28590000 -82.08463000 11.39805000 354.90910000 -82.08463000 11.72680000 353.00360000 -82.08463000 8.78265300 16.00000000
//-collider
COOBB Y 291.32460000 -88.09631000 141.00200000 290.95810000 -88.09631000 141.34210000 286.45490000 -88.09631000 135.75220000 16.00000000
//-collider
COAABB Y 369.620 -84.559 -55.290 370.132 -68.559 -47.961
//collider
COOBB N 375.53860000 -82.08463000 -9.16056200 375.21130000 -82.08463000 -9.53849800 377.42020000 -82.08463000 -10.79036000 16.00000000
//-collider
COOBB Y 260.48950000 -94.31394000 22.99612000 260.48130000 -94.31394000 23.49605000 259.24240000 -94.31394000 22.97568000 16.00000000
//-collider
COAABB Y 189.200 -93.174 101.826 189.754 -77.174 113.061
//-collider
COAABB Y 309.709 -88.055 143.773 310.276 -72.055 155.654
//-collider
COAABB Y 226.265 -93.174 109.931 226.767 -77.174 112.796
//-collider
COOBB Y 381.78430000 -84.64011000 66.59874000 382.28420000 -84.64011000 66.60466000 381.74090000 -84.64011000 70.26381000 16.00000000
//-collider
COOBB Y 174.51520000 -98.86048000 -13.73051000 174.85050000 -98.86048000 -13.35954000 173.42820000 -98.86048000 -12.74817000 16.00000000
//-collider
COAABB Y 298.659 -88.055 192.224 309.684 -72.055 192.750
//-collider
COAABB Y 238.718 -93.757 114.255 239.226 -77.757 133.584
//-collider
COOBB Y 211.52660000 -94.31394000 5.87603500 211.02670000 -94.31394000 5.88749700 211.50040000 -94.31394000 4.73683200 16.00000000
//-collider
COOBB Y 310.75490000 -93.75732000 -85.64304000 310.25510000 -93.75732000 -85.65460000 310.82710000 -93.75732000 -88.76291000 16.00000000
//-collider
COOBB Y 308.44380000 -88.09631000 137.51310000 308.79290000 -88.09631000 137.15520000 310.46120000 -88.09631000 139.48100000 16.00000000
//-collider
COAABB Y 185.641 -96.624 5.184 186.151 -80.624 11.097
//-collider
COOBB Y 191.09650000 -93.17434000 98.46326000 190.74290000 -93.17434000 98.10974000 199.36950000 -93.17434000 90.18851000 16.00000000
//-collider
COAABB Y 261.541 -94.314 35.781 270.313 -78.314 36.328
//-collider
COOBB Y 337.52500000 -84.64011000 -64.99130000 337.20940000 -84.64011000 -64.60349000 335.52300000 -84.64011000 -66.62044000 16.00000000
//-collider
COOBB Y 389.25260000 -82.08463000 6.85500400 388.82890000 -82.08463000 7.12040000 388.44620000 -82.08463000 5.56745000 16.00000000
//-collider
COOBB Y 335.37120000 -93.75732000 112.67850000 335.72110000 -93.75732000 113.03560000 333.71010000 -93.75732000 114.30620000 16.00000000
//-collider
COOBB Y 300.54680000 -88.05493000 157.89320000 300.17610000 -88.05493000 157.55760000 302.40680000 -88.05493000 155.83890000 16.00000000
//-collider
COOBB Y 335.20980000 -84.64011000 67.05371000 334.82020000 -84.64011000 66.74040000 337.11630000 -84.64011000 64.68262000 16.00000000
//-collider
COAABB Y 388.730 -82.085 6.854 389.253 -66.085 24.702
//-collider
COAABB Y 374.539 -84.640 -64.986 379.766 -68.640 -64.482
//-collider
COOBB Y 310.33020000 -88.43869000 -127.11750000 310.69700000 -88.43869000 -126.77770000 305.77000000 -88.43869000 -122.19480000 16.00000000
//-collider
COOBB Y 252.15050000 -94.31394000 23.88079000 252.15590000 -94.31394000 24.38077000 250.77370000 -94.31394000 23.89557000 16.00000000
//collider
COOBB N 283.11800000 -94.31394000 5.49458200 283.52990000 -94.31394000 5.77803000 282.12380000 -94.31394000 6.93930200 16.00000000
//-collider
COOBB Y 214.76390000 -91.44381000 -91.67358000 215.23300000 -91.44381000 -91.50063000 213.76000000 -91.44381000 -88.95045000 16.00000000
//-collider
COAABB Y 310.739 -93.757 -126.254 321.692 -77.757 -125.666
//-collider
COOBB Y 211.45940000 -94.31394000 -4.88170300 210.95950000 -94.31394000 -4.89280400 211.48490000 -94.31394000 -6.02774400 16.00000000
//-collider
COOBB Y 368.83350000 -84.55911000 55.40520000 369.26320000 -84.55911000 55.66085000 368.40510000 -84.55911000 56.12526000 16.00000000
//-collider
COAABB Y 337.114 -84.640 64.155 342.118 -68.640 64.683
//-collider
COOBB Y 359.26520000 -84.64011000 74.20953000 358.96300000 -84.64011000 74.60794000 358.09300000 -84.64011000 73.32068000 16.00000000
//-collider
COOBB Y 352.07770000 -84.64011000 63.71645000 351.72810000 -84.64011000 63.35900000 353.01390000 -84.64011000 62.80077000 16.00000000
//-collider
COOBB Y 237.76660000 -93.75732000 -112.77010000 237.37660000 -93.75732000 -113.08300000 239.24100000 -93.75732000 -114.60770000 16.00000000
//-collider
COOBB Y 156.72170000 -101.72290000 4.33665000 157.06390000 -101.72290000 4.70114900 155.61090000 -101.72290000 5.37965400 16.00000000
//-collider
COOBB Y 169.45360000 -98.86048000 12.87413000 169.44670000 -98.86048000 12.37418000 173.33720000 -98.86048000 12.82052000 16.00000000
//-collider
COOBB Y 175.50420000 -96.62414000 23.25455000 175.13510000 -96.62414000 23.59179000 174.59130000 -96.62414000 22.25530000 16.00000000
//collider
COAABB N 374.761 -90.494 -86.993 375.303 -74.494 -75.014
//-collider
COOBB Y 214.60260000 -93.17434000 123.07880000 215.09210000 -93.17434000 123.18110000 213.97400000 -93.17434000 126.08780000 16.00000000
//collider
COAABB N 368.752 -90.473 75.212 369.319 -74.473 83.645
//collider
COAABB N 356.973 -82.085 17.674 371.653 -66.085 18.250
//-collider
COOBB Y 366.94630000 -84.55911000 47.86846000 366.96130000 -84.55911000 47.36869000 369.71170000 -84.55911000 47.95168000 16.00000000
//-collider
COOBB Y 258.10080000 -94.31394000 23.83645000 258.11250000 -94.31394000 24.33631000 256.83960000 -94.31394000 23.86601000 16.00000000
//-collider
COAABB Y 310.239 -93.757 85.815 310.741 -77.757 88.913
//collider
COAABB N 348.855 -90.494 -80.460 357.527 -74.494 -79.946
//-collider
COAABB Y 242.442 -93.757 -137.328 262.261 -77.757 -136.774
//-collider
COOBB Y 374.65740000 -84.64011000 -64.87895000 375.12990000 -84.64011000 -64.71527000 374.02560000 -84.64011000 -63.05539000 16.00000000
//-collider
COOBB Y 358.09300000 -84.64011000 73.32067000 358.42540000 -84.64011000 73.69419000 357.06400000 -84.64011000 74.23632000 16.00000000
//-collider
COOBB Y 347.26150000 -93.75732000 90.20461000 347.22810000 -93.75732000 89.70572000 350.32910000 -93.75732000 89.99921000 16.00000000
//collider
COAABB N 283.825 -94.314 5.964 285.481 -78.314 6.473
//-collider
COOBB Y 189.75390000 -93.17434000 101.82840000 189.60860000 -93.17434000 101.35000000 192.59960000 -93.17434000 100.96370000 16.00000000
//collider
COOBB N 248.60300000 -94.31394000 23.02591000 248.10310000 -94.31394000 23.03202000 248.44430000 -94.31394000 10.04300000 16.00000000
//-collider
COAABB Y 322.732 -93.757 90.626 323.281 -77.757 124.818
//-collider
COOBB Y 249.76120000 -93.75731000 124.52830000 250.09820000 -93.75731000 124.15900000 251.55250000 -93.75731000 126.16260000 16.02457000
//collider
COOBB N 247.92800000 -94.31394000 -7.94621300 247.45050000 -94.31394000 -8.09460800 248.48970000 -94.31394000 -9.75352500 16.00000000
//-collider
COOBB Y 368.84730000 -84.55911000 -55.50473000 368.97920000 -84.55911000 -55.98703000 369.63230000 -84.55911000 -55.29011000 16.00000000
//-collider
COOBB Y 354.95260000 -84.55911000 -62.75994000 354.93110000 -84.55911000 -62.26040000 353.22070000 -84.55911000 -62.83448000 16.00000000
//-collider
COOBB Y 139.89320000 -101.72290000 5.42147300 139.49200000 -101.72290000 5.71983000 138.55850000 -101.72290000 3.62651300 16.00000000
//collider
COOBB N 276.91590000 -94.31394000 6.91801800 276.51020000 -94.31394000 7.21033800 275.80800000 -94.31394000 5.38069000 16.00000000
//collider
COOBB N 350.39730000 -82.08463000 -11.05894000 350.74050000 -82.08463000 -11.42258000 352.40640000 -82.08463000 -9.16286300 16.00000000
//-collider
COOBB Y 199.02330000 -91.44381000 -90.55362000 198.67020000 -91.44381000 -90.19968000 191.04020000 -91.44381000 -98.51946000 16.00000000
//-collider
COAABB Y 251.297 -93.757 -126.221 262.299 -77.757 -125.665
//-collider
COOBB Y 210.21340000 -96.62414000 3.90399100 210.62220000 -96.62414000 4.19184500 209.28230000 -96.62414000 5.22639300 16.00000000
//-collider
COOBB Y 185.64140000 -96.62414000 11.09570000 185.98040000 -96.62414000 11.46329000 184.62300000 -96.62414000 12.03477000 16.00000000
//-collider
COAABB Y 169.542 -96.624 23.148 173.551 -80.624 23.648
//collider
COOBB N 283.13050000 -94.31394000 -5.46644900 282.74990000 -94.31394000 -5.79072900 283.53840000 -94.31394000 -5.94518300 16.00000000
//-collider
COAABB Y 139.792 -101.723 -5.854 155.625 -85.723 -5.288
//-collider
COOBB Y 364.97960000 -84.64011000 -62.85997000 364.66020000 -84.64011000 -62.47532000 364.00320000 -84.64011000 -63.67084000 16.00000000
//-collider
COAABB Y 169.561 -96.624 -23.678 173.540 -80.624 -23.166
//collider
COOBB N 260.76630000 -94.31394000 -8.00107600 261.12260000 -94.31394000 -8.35183000 262.47300000 -94.31394000 -6.26719500 16.00000000
//-collider
COAABB Y 384.773 -82.085 24.200 389.230 -66.085 24.702
//-collider
COOBB Y 201.73150000 -91.44381000 -91.71413000 201.92840000 -91.44381000 -91.25455000 199.02330000 -91.44381000 -90.55363000 16.00000000
//collider
COAABB N 282.124 -94.314 6.938 282.640 -78.314 13.079
//-collider
COOBB Y 262.28760000 -93.72046000 -88.71030000 262.78750000 -93.72046000 -88.70414000 262.25050000 -93.72046000 -85.70647000 16.00613000
//-collider
COAABB Y 401.165 -82.085 -5.865 418.306 -66.085 -5.306
//-collider
COOBB Y 272.86950000 -93.97121000 72.08379000 273.19250000 -93.97121000 71.70213000 274.44400000 -93.97121000 73.41640000 16.00000000
//-collider
COOBB Y 353.02440000 -84.64011000 74.24632000 353.00990000 -84.64011000 74.74610000 350.97670000 -84.64011000 74.18703000 16.00000000
//-collider
COOBB Y 330.40500000 -93.75732000 136.71570000 330.40990000 -93.75732000 137.21570000 310.70080000 -93.75732000 136.90960000 16.00000000
//-collider
COOBB Y 362.03330000 -83.07297000 -47.33464000 361.54690000 -83.07297000 -47.45053000 362.36540000 -83.07297000 -48.72840000 16.00241000
//-collider
COOBB Y 291.18100000 -88.43869000 -122.09870000 290.80820000 -88.43869000 -121.76540000 286.45490000 -88.43869000 -127.38630000 16.00000000
//-collider
COOBB Y 366.55360000 -83.08022000 -48.58098000 367.05120000 -83.08022000 -48.63023000 366.68550000 -83.08022000 -47.24829000 16.00482000
//-collider
COOBB Y 249.59060000 -94.31394000 23.01703000 249.59510000 -94.31394000 23.51701000 248.60300000 -94.31394000 23.02591000 16.00000000
//-collider
COAABB Y 335.370 -93.757 112.679 354.567 -77.757 113.210
//-collider
COAABB Y 354.950 -90.473 88.643 374.324 -74.473 89.270
//-collider
COOBB Y 310.33010000 -94.31394000 -79.56315000 310.74270000 -94.31394000 -79.28064000 306.72710000 -94.31394000 -74.30168000 16.00000000
//-collider
COOBB Y 281.61940000 -88.43869000 -140.94610000 281.98250000 -88.43869000 -141.28980000 286.55070000 -88.43869000 -135.73710000 16.00000000
//-collider
COAABB Y 185.650 -96.624 5.184 209.282 -80.624 5.726
//-collider
COAABB Y 238.718 -93.757 -101.030 239.233 -77.757 -81.506
//-collider
COOBB Y 357.56940000 -83.01256000 -35.32808000 357.19780000 -83.01256000 -35.66255000 359.13180000 -83.01256000 -37.06415000 16.30931000
//-collider
COOBB Y 367.98220000 -84.64011000 -63.64459000 368.29160000 -84.64011000 -63.25180000 366.97780000 -84.64011000 -62.85352000 16.00000000
//-collider
COOBB Y 369.95680000 -90.47253000 74.27428000 369.95100000 -90.47253000 74.77425000 363.19840000 -90.47253000 74.19705000 16.00000000
//-collider
COOBB Y 199.36950000 -93.17434000 90.18851000 199.65630000 -93.17434000 89.77892000 201.70810000 -93.17434000 91.82583000 16.00000000
//collider
COAABB N 276.338 -94.314 -13.022 276.886 -78.314 -6.859
//-collider
COOBB Y 286.45490000 -94.31394000 -79.30004000 286.82710000 -94.31394000 -78.96622000 281.73910000 -94.31394000 -74.04156000 16.00000000
//-collider
COOBB Y 266.92000000 -94.31394000 -74.14279000 266.53920000 -94.31394000 -73.81880000 262.69300000 -94.31394000 -79.11136000 16.00000000
//-collider
COOBB Y 347.60650000 -84.55911000 63.05602000 347.55460000 -84.55911000 62.55871000 350.89170000 -84.55911000 62.71340000 16.00000000
//-collider
COOBB Y 298.31530000 -88.05493000 155.79980000 298.65740000 -88.05493000 155.43520000 300.54680000 -88.05493000 157.89320000 16.00000000
//-collider
COOBB Y 370.04290000 -90.49366000 -74.36337000 369.65240000 -90.49366000 -74.05108000 369.18290000 -90.49366000 -75.43873000 16.00000000
//-collider
COAABB Y 262.349 -93.971 71.774 262.850 -77.971 75.511
//-collider
COAABB Y 310.757 -93.757 -137.274 330.472 -77.757 -136.751
//-collider
COAABB Y 358.895 -82.085 36.914 359.430 -66.085 47.943
//-collider
COOBB Y 349.97800000 -84.64011000 73.30271000 350.29320000 -84.64011000 73.69088000 348.86290000 -84.64011000 74.20812000 16.00000000
//-collider
COOBB Y 359.99460000 -84.64011000 63.64074000 359.67320000 -84.64011000 63.25768000 361.04490000 -84.64011000 62.75961000 16.00000000
//-collider
COOBB Y 368.69400000 -84.55911000 -56.35046000 369.18600000 -84.55911000 -56.43965000 368.84730000 -84.55911000 -55.50473000 16.00000000
//-collider
COAABB Y 291.181 -88.439 -122.195 305.773 -72.439 -121.599
//collider
COOBB N 358.19170000 -90.49366000 -83.63977000 358.68110000 -90.49366000 -83.53734000 357.52620000 -90.49366000 -80.45963000 16.00000000
//-collider
COAABB Y 262.294 -93.757 -129.293 262.799 -77.757 -126.165
//-collider
COOBB Y 226.33620000 -93.17434000 113.75530000 226.71490000 -93.17434000 114.08180000 217.09130000 -93.17434000 124.47730000 16.00000000
//-collider
COOBB Y 344.95300000 -84.64011000 74.20826000 344.96830000 -84.64011000 74.70803000 342.89470000 -84.64011000 74.27145000 16.00000000
//collider
COAABB N 374.283 -90.473 75.282 374.802 -74.473 87.326
//-collider
COOBB Y 270.31070000 -94.31394000 36.32793000 270.65070000 -94.31394000 35.96126000 273.75280000 -94.31394000 39.51891000 16.00000000
//-collider
COAABB Y 384.782 -82.085 -24.687 389.109 -66.085 -24.180
//-collider
COOBB Y 199.16870000 -93.17434000 124.59920000 198.81670000 -93.17434000 124.95430000 191.25040000 -93.17434000 116.74950000 16.00000000
//-collider
COOBB Y 286.45490000 -88.43869000 -127.38630000 286.83340000 -88.43869000 -127.05960000 281.77060000 -88.43869000 -121.95860000 16.00000000
//-collider
COOBB Y 333.95560000 -93.75732000 -114.24880000 334.31920000 -93.75732000 -114.59200000 335.13100000 -93.75732000 -113.00350000 16.00000000
//collider
COOBB N 275.78360000 -94.31394000 -5.47919600 275.38640000 -94.31394000 -5.78286500 276.83830000 -94.31394000 -6.85879000 16.00000000
//-collider
COOBB Y 345.56550000 -93.75732000 102.32220000 345.19710000 -93.75732000 101.98410000 347.31150000 -93.75732000 100.41970000 16.00000000
//-collider
COAABB Y 310.757 -93.757 77.805 330.431 -77.757 78.329
//collider
COAABB N 285.433 -94.314 -5.953 285.979 -78.314 5.964
//-collider
COAABB Y 267.257 -88.096 121.606 281.849 -72.096 122.121
//-collider
COAABB Y 251.297 -93.757 88.741 262.299 -77.757 89.296
//collider
COOBB N 346.64790000 -82.08463000 -7.33773900 346.29570000 -82.08463000 -7.69262400 350.39730000 -82.08463000 -11.05894000 16.00000000
//-collider
COOBB Y 239.22580000 -93.75732000 114.25490000 238.87550000 -93.75732000 114.61170000 237.64620000 -93.75732000 112.70440000 16.00000000
//collider
COOBB N 357.48140000 -90.47253000 80.61015000 357.96260000 -90.47253000 80.47453000 358.36160000 -90.47253000 83.73395000 16.00000000
//-collider
COOBB Y 262.28760000 -93.72046000 126.21170000 262.78700000 -93.72046000 126.23510000 262.15360000 -93.72046000 129.06900000 16.00613000
//collider
COAABB N 211.484 -94.314 -6.557 244.379 -78.314 -6.028
//-collider
COOBB Y 281.79570000 -94.31394000 -92.87103000 282.16440000 -94.31394000 -93.20872000 286.53500000 -94.31394000 -87.69598000 16.00000000
//-collider
COOBB Y 310.85180000 -88.05493000 155.92390000 311.18100000 -88.05493000 155.54750000 320.93870000 -88.05493000 164.74390000 16.00000000
//-collider
COOBB Y 237.66380000 -93.75732000 102.30970000 237.29580000 -93.75732000 101.97120000 239.23330000 -93.75732000 100.60320000 16.00000000
//-collider
COOBB Y 330.47180000 -93.75732000 -136.77420000 330.82340000 -93.75732000 -137.12970000 333.74740000 -93.75732000 -133.53430000 16.00000000
//-collider
COOBB Y 335.16710000 -84.64011000 70.08780000 334.66720000 -84.64011000 70.08076000 335.20980000 -84.64011000 67.05372000 16.00000000
//-collider
COOBB Y 310.46210000 -88.09631000 143.39540000 310.45470000 -88.09631000 143.89540000 306.68590000 -88.09631000 143.33980000 16.00000000
//-collider
COOBB Y 298.66000000 -88.05493000 192.22420000 298.16420000 -88.05493000 192.28940000 298.29210000 -88.05493000 189.43010000 16.00000000
//-collider
COAABB Y 401.251 -82.085 5.320 418.352 -66.085 5.821
//collider
COOBB N 282.08700000 -94.31394000 -13.10663000 282.58700000 -94.31394000 -13.11168000 282.14930000 -94.31394000 -6.93997700 16.00000000
//-collider
COOBB Y 367.15420000 -84.64011000 62.77507000 367.49620000 -84.64011000 62.41030000 367.94560000 -84.64011000 63.51696000 16.00000000
//-collider
COOBB Y 365.02240000 -84.64011000 62.79569000 365.01750000 -84.64011000 62.29571000 367.15430000 -84.64011000 62.77507000 16.00000000
//-collider
COOBB Y 167.86910000 -98.86048000 7.01170600 168.36910000 -98.86048000 7.01838400 167.81680000 -98.86048000 10.93253000 16.00000000
//-collider
COAABB Y 369.857 -83.167 -47.877 370.408 -67.090 -36.979
//-collider
COAABB Y 310.201 -93.757 133.504 310.719 -77.757 136.910
//-collider
COOBB Y 302.40680000 -88.05493000 155.83890000 302.38900000 -88.05493000 156.33860000 299.15910000 -88.05493000 155.72310000 16.00000000
//-collider
COOBB Y 337.04850000 -84.64011000 72.26006000 336.67050000 -84.64011000 72.58741000 335.16710000 -84.64011000 70.08781000 16.00000000
//-collider
COOBB Y 361.04490000 -84.64011000 62.75962000 361.02460000 -84.64011000 62.26003000 362.79610000 -84.64011000 62.68855000 16.00000000
//-collider
COAABB Y 242.403 -93.757 136.745 262.041 -77.757 137.250
//collider
COOBB N 275.20880000 -94.31394000 -6.01060400 275.54820000 -94.31394000 -6.37776800 275.78370000 -94.31394000 -5.47918900 16.00000000
//-collider
COOBB Y 348.52770000 -84.64011000 -74.32019000 348.83320000 -84.64011000 -74.71597000 349.99150000 -84.64011000 -73.19009000 16.00000000
//-collider
COOBB Y 374.79970000 -90.47253000 72.21697000 375.26560000 -90.47253000 72.39832000 373.90710000 -90.47253000 74.51045000 16.00000000
//-collider
COOBB Y 262.78970000 -88.09631000 126.84690000 262.42640000 -88.09631000 126.50340000 267.25780000 -88.09631000 122.12100000 16.00000000
//-collider
COOBB Y 191.04020000 -91.44381000 -98.51945000 190.61300000 -91.44381000 -98.77922000 192.49150000 -91.44381000 -100.90630000 16.00000000
//-collider
COOBB Y 274.05330000 -94.31394000 71.74160000 273.98720000 -94.31394000 72.23721000 270.76780000 -94.31394000 71.30338000 16.00000000
//-collider
COOBB Y 217.09130000 -93.17434000 124.47730000 216.84640000 -93.17434000 124.91320000 214.60260000 -93.17434000 123.07880000 16.00000000
//-collider
COOBB Y 357.18670000 -84.64011000 -74.28658000 357.55880000 -84.64011000 -74.62054000 358.05510000 -84.64011000 -73.31891000 16.00000000
//collider
COOBB N 375.12370000 -82.08463000 13.52803000 375.50700000 -82.08463000 13.84913000 371.64990000 -82.08463000 17.67428000 16.00000000
//-collider
COOBB Y 291.09420000 -94.31394000 -74.22715000 290.72520000 -94.31394000 -73.88972000 286.45490000 -94.31394000 -79.30006000 16.00000000
//-collider
COOBB Y 379.71480000 -84.64011000 -72.53279000 380.09910000 -84.64011000 -72.85276000 381.79360000 -84.64011000 -70.03666000 16.00000000
//-collider
COAABB Y 346.744 -90.494 -88.753 347.306 -74.494 -81.628
//-collider
COOBB Y 354.08620000 -84.64011000 -73.26697000 353.74750000 -84.64011000 -73.63476000 355.18880000 -84.64011000 -74.28240000 16.00000000
//-collider
COOBB Y 343.14200000 -84.64011000 -62.44935000 342.67360000 -84.64011000 -62.27437000 342.24220000 -84.64011000 -64.85786000 16.00000000
//collider
COOBB N 382.23680000 -82.08463000 5.41016900 382.60460000 -82.08463000 5.74885400 377.62230000 -82.08463000 10.42160000 16.00000000
//-collider
COOBB Y 138.49230000 -101.72290000 -3.82276500 138.11120000 -101.72290000 -4.14637900 139.79240000 -101.72290000 -5.35406200 16.00000000
//-collider
COOBB Y 381.74090000 -84.64011000 70.26380000 382.08150000 -84.64011000 70.62984000 379.67680000 -84.64011000 72.18449000 16.00000000
//-collider
COAABB Y 202.786 -93.174 88.506 213.953 -77.174 89.012
//-collider
COOBB Y 381.76800000 -84.64011000 -66.92809000 382.11610000 -84.64011000 -66.56922000 379.76610000 -84.64011000 -64.98597000 16.00000000
//-collider
COOBB Y 167.81680000 -98.86048000 10.93253000 168.16090000 -98.86048000 11.29524000 166.81470000 -98.86048000 11.88337000 16.00000000
//-collider
COOBB Y 201.72660000 -91.44381000 -123.30370000 201.24950000 -91.44381000 -123.45330000 202.58190000 -91.44381000 -126.03310000 16.00000000
//collider
COOBB N 278.40260000 -94.31394000 14.60077000 278.05400000 -94.31394000 14.95921000 276.90050000 -94.31394000 13.13983000 16.00000000
//-collider
COAABB Y 357.716 -93.757 90.317 358.217 -77.757 109.504
//-collider
COOBB Y 308.24170000 -88.05493000 157.92770000 307.93730000 -88.05493000 157.53110000 310.85190000 -88.05493000 155.92390000 16.00000000
//-collider
COAABB Y 248.485 -94.314 25.240 249.042 -78.314 43.058
//-collider
COOBB Y 330.43070000 -93.75732000 78.30527000 330.77910000 -93.75732000 77.94661000 333.74740000 -93.75732000 81.52682000 16.00000000
//-collider
COAABB Y 369.696 -84.559 47.952 370.212 -68.559 55.219
//-collider
COOBB Y 380.69420000 -82.08463000 23.73367000 380.69860000 -82.08463000 23.23369000 384.30800000 -82.08463000 23.76562000 16.00000000
//-collider
COOBB Y 372.85820000 -84.64011000 62.70083000 373.24570000 -84.64011000 62.38485000 374.53330000 -84.64011000 64.75491000 16.00000000
//-collider
COAABB Y 167.852 -98.860 -10.912 168.372 -82.860 -6.861
//-collider
COOBB Y 359.92200000 -84.64011000 -63.52868000 360.24080000 -84.64011000 -63.14344000 359.03780000 -84.64011000 -62.79708000 16.00000000
//-collider
COAABB Y 348.249 -82.085 -25.651 348.762 -66.085 -23.689
//-collider
COOBB Y 167.55980000 -96.62414000 -23.15010000 167.90160000 -96.62414000 -23.51497000 168.52230000 -96.62414000 -22.24824000 16.00000000
//-collider
COOBB Y 367.99090000 -84.64011000 63.43036000 367.70830000 -84.64011000 63.01792000 369.09280000 -84.64011000 62.67524000 16.00000000
//-collider
COOBB Y 174.50500000 -96.62414000 -22.30477000 174.16330000 -96.62414000 -22.66985000 175.45120000 -96.62414000 -23.19027000 16.00000000
//collider
COAACYLINDER N 141.142 -102.493 3.994 0.700 2.980
//collider
COAABB N 359.561 -84.559 -56.912 368.697 -68.559 -56.350
//-collider
COAABB Y 355.188 -84.640 -74.787 357.187 -68.640 -74.282
//collider
COAABB N 342.208 -84.559 50.330 342.722 -68.559 62.115
//-collider
COOBB Y 355.04700000 -84.64011000 62.76038000 355.38480000 -84.64011000 62.39174000 356.03640000 -84.64011000 63.66697000 16.00000000
//-collider
COOBB Y 348.15900000 -90.49366000 -81.40424000 348.04020000 -90.49366000 -80.91856000 347.24360000 -90.49366000 -81.62820000 16.00000000
//-collider
COOBB Y 201.70810000 -93.17434000 91.82584000 201.24100000 -93.17434000 91.64729000 202.78590000 -93.17434000 89.00647000 16.00000000
//-collider
COOBB Y 401.25090000 -82.08463000 5.32000400 401.59140000 -82.08463000 5.68606800 399.77250000 -82.08463000 6.69544300 16.00000000
//-collider
COOBB Y 333.61580000 -93.75732000 133.51490000 333.96880000 -93.75732000 133.86900000 330.40500000 -93.75732000 136.71570000 16.00000000
//-collider
COOBB Y 349.99160000 -84.64011000 -73.19009000 349.67380000 -84.64011000 -73.57612000 351.16240000 -84.64011000 -74.15386000 16.00000000
//-collider
COAABB Y 310.247 -93.757 -136.753 310.757 -77.757 -133.784
//-collider
COOBB Y 379.67650000 -84.64011000 64.71706000 380.00950000 -84.64011000 64.34406000 381.78430000 -84.64011000 66.59873000 16.00000000
//-collider
COAABB Y 347.233 -90.473 88.757 350.260 -74.473 89.275
//-collider
COAABB Y 291.626 -93.971 92.956 305.711 -77.971 93.502
//collider
COOBB N 352.40640000 -82.08463000 -9.16288000 352.07320000 -82.08463000 -9.53567400 354.62740000 -82.08463000 -11.14805000 16.00000000
//-collider
COOBB Y 266.90120000 -88.09631000 141.16200000 266.50080000 -88.09631000 141.46140000 262.79210000 -88.09631000 135.66730000 16.00000000
//-collider
COOBB Y 353.95930000 -84.64011000 73.40396000 354.29400000 -84.64011000 73.77541000 353.02440000 -84.64011000 74.24632000 16.00000000
//collider
COAABB N 211.524 -94.314 5.876 244.425 -78.314 6.541
//-collider
COOBB Y 295.12160000 -88.05493000 190.23740000 294.77020000 -88.05493000 190.59300000 287.67690000 -88.05493000 182.88020000 16.00000000
//collider
COOBB N 276.88580000 -94.31394000 -13.01779000 276.50980000 -94.31394000 -13.34731000 278.34480000 -94.31394000 -14.68281000 16.00000000
//-collider
COOBB Y 185.59630000 -96.62414000 -23.16396000 186.09630000 -96.62414000 -23.16837000 185.68530000 -96.62414000 -13.06142000 16.00000000
//-collider
COOBB Y 166.99790000 -98.86048000 6.00149500 167.37660000 -98.86048000 5.67495700 167.86910000 -98.86048000 7.01170600 16.00000000
//-collider
COOBB Y 286.53500000 -94.31394000 -87.69598000 286.15480000 -94.31394000 -88.02063000 290.98840000 -94.31394000 -92.91238000 16.00000000
//-collider
COOBB Y 168.58520000 -98.86048000 13.72172000 168.23590000 -98.86048000 13.36390000 169.45360000 -98.86048000 12.87413000 16.00000000
//-collider
COAABB Y 310.201 -93.757 -81.437 310.719 -77.757 -78.231
//-collider
COAABB Y 291.531 -88.096 121.555 305.620 -72.096 122.124
//-collider
COOBB Y 374.08060000 -90.49366000 -74.39693000 374.56050000 -90.49366000 -74.53747000 374.73880000 -90.49366000 -72.14993000 16.00000000
//-collider
COOBB Y 364.00320000 -84.64011000 -63.67085000 364.34300000 -84.64011000 -63.30408000 363.00760000 -84.64011000 -62.74844000 16.00000000
//-collider
COOBB Y 158.24350000 -101.72290000 -11.98128000 157.86380000 -101.72290000 -11.65592000 157.30690000 -101.72290000 -13.07414000 16.00000000
//-collider
COAABB Y 348.308 -82.085 23.836 348.814 -66.085 25.447
//-collider
COOBB Y 345.95900000 -84.64011000 73.31454000 346.29110000 -84.64011000 73.68835000 344.95300000 -84.64011000 74.20827000 16.00000000
//-collider
COAABB Y 262.260 -93.757 -136.778 262.782 -77.757 -133.859
//-collider
COOBB Y 166.83600000 -98.86048000 -11.97696000 167.19440000 -98.86048000 -12.32571000 167.87230000 -98.86048000 -10.91230000 16.00000000
//-collider
COOBB Y 291.49150000 -93.97121000 74.17060000 291.48660000 -93.97121000 73.67063000 305.98860000 -93.97121000 74.02703000 16.00000000
//collider
COAABB N 276.401 -94.314 6.917 276.916 -78.314 13.140
//-collider
COOBB Y 226.31910000 -91.44381000 -105.06160000 226.67110000 -91.44381000 -104.70650000 224.72760000 -91.44381000 -103.48370000 16.00000000
//-collider
COOBB Y 262.67940000 -88.43869000 -136.02050000 262.31820000 -88.43869000 -136.36630000 267.57360000 -88.43869000 -141.13170000 16.00000000
//-collider
COOBB Y 350.32920000 -93.75732000 89.99921000 349.82920000 -93.75732000 89.99282000 350.34390000 -93.75732000 88.84263000 16.00000000
//collider
COOBB N 371.37730000 -82.08463000 -17.72286000 371.75450000 -82.08463000 -18.05111000 375.03740000 -82.08463000 -13.51730000 16.00000000
//collider
COOBB N 248.18780000 -94.31394000 8.07005800 247.82880000 -94.31394000 8.41807400 246.54780000 -94.31394000 6.37827800 16.00000000
//-collider
COOBB Y 342.24220000 -84.64011000 -64.85786000 342.22800000 -84.64011000 -64.35806000 337.52500000 -84.64011000 -64.99129000 16.00000000
//-collider
COAABB Y 169.503 -98.860 -12.748 173.429 -82.860 -12.245
//-collider
COOBB Y 248.98520000 -94.31394000 25.23978000 248.77270000 -94.31394000 24.78719000 250.78840000 -94.31394000 24.39312000 16.00000000
//-collider
COAABB Y 342.266 -84.559 -48.237 359.193 -68.559 -47.650
//collider
COOBB N 260.83310000 -94.31394000 8.02143700 261.32580000 -94.31394000 8.10658000 260.49320000 -94.31394000 9.98871100 16.00000000
//-collider
COAABB Y 364.978 -84.640 -62.860 366.978 -68.640 -62.354
//-collider
COOBB Y 340.56470000 -82.08463000 -31.76547000 340.20190000 -82.08463000 -32.10950000 343.94150000 -82.08463000 -35.32667000 16.00000000
//-collider
COAABB Y 238.733 -93.757 81.496 239.249 -77.757 100.603
//-collider
COOBB Y 157.34970000 -101.72290000 13.05289000 156.98950000 -101.72290000 12.70614000 158.37510000 -101.72290000 11.98766000 16.00000000
//-collider
COAABB Y 175.504 -96.624 23.201 185.617 -80.624 23.755
//collider
COOBB N 244.37930000 -94.31394000 -6.05677300 244.31000000 -94.31394000 -6.55194800 246.45180000 -94.31394000 -6.34681400 16.00000000
//-collider
COOBB Y 173.53830000 -96.62414000 -23.16571000 173.87080000 -96.62414000 -23.53911000 174.50500000 -96.62414000 -22.30476000 16.00000000
//-collider
COOBB Y 333.93650000 -93.75732000 -81.60435000 334.29710000 -93.75732000 -81.25803000 330.66130000 -93.75732000 -78.19397000 16.00000000
//-collider
COOBB Y 399.83390000 -82.08463000 -6.73536800 400.19960000 -82.08463000 -7.07634900 401.16670000 -82.08463000 -5.30596100 16.00000000
//-collider
COOBB Y 251.29900000 -93.75732000 -126.22050000 251.64280000 -93.75732000 -125.85750000 249.66180000 -93.75732000 -124.66990000 16.00000000
//collider
COOBB N 377.42020000 -82.08463000 -10.79036000 377.79920000 -82.08463000 -11.11653000 382.20010000 -82.08463000 -5.23697000 16.00000000
//-collider
COOBB Y 281.84850000 -88.09631000 122.10570000 282.21910000 -88.09631000 121.77010000 286.44040000 -88.09631000 127.17720000 16.00000000
//-collider
COOBB Y 259.78820000 -94.31394000 34.54882000 260.13970000 -94.31394000 34.19323000 261.54090000 -94.31394000 36.28128000 16.00000000
//-collider
COOBB Y 349.84260000 -90.49366000 -88.73734000 350.34250000 -90.49366000 -88.74417000 349.85210000 -90.49366000 -88.04483000 16.00000000
//-collider
COOBB Y 354.23540000 -93.75732000 -113.00260000 354.57390000 -93.75732000 -113.37070000 357.88570000 -93.75732000 -109.64610000 16.00000000
//-collider
COOBB Y 310.33020000 -88.09631000 135.65260000 310.68120000 -88.09631000 136.00860000 308.44380000 -88.09631000 137.51310000 16.00000000
//-collider
COOBB Y 267.57350000 -88.43869000 -141.13170000 267.58020000 -88.43869000 -141.63170000 281.61940000 -88.43869000 -140.94610000 16.00000000
//collider
COOBB N 275.39920000 -94.31394000 5.84527300 275.40550000 -94.31394000 6.34523300 264.48340000 -94.31394000 5.98244100 16.00000000
//-collider
COAABB Y 418.306 -82.085 -5.368 418.852 -66.085 5.321
//-collider
COAABB Y 343.946 -82.085 35.456 357.808 -66.085 35.966
//-collider
COAABB Y 226.265 -91.444 -105.379 226.767 -75.444 -102.956
//-collider
COOBB Y 343.00710000 -84.55911000 62.63313000 342.57420000 -84.55911000 62.88331000 342.70750000 -84.55911000 62.11470000 16.00000000
//-collider
COOBB Y 214.75590000 -91.44381000 -123.25280000 214.55490000 -91.44381000 -123.71060000 217.27850000 -91.44381000 -124.36050000 16.00000000
//collider
COAABB N 358.358 -90.473 83.145 369.252 -74.473 83.734
//-collider
COAABB Y 374.831 -84.640 72.153 379.677 -68.640 72.684
//-collider
COOBB Y 342.89470000 -84.64011000 74.27144000 342.44050000 -84.64011000 74.48040000 341.97680000 -84.64011000 72.27608000 16.00000000
//-collider
COOBB Y 211.50040000 -94.31394000 4.73682800 211.12050000 -94.31394000 5.06180000 210.66260000 -94.31394000 3.75708300 16.00000000
//collider
COOBB N 359.71770000 -84.55911000 56.20443000 359.24220000 -84.55911000 56.35868000 358.69440000 -84.55911000 53.04909000 16.00000000
//-collider
COOBB Y 319.82490000 -88.05493000 167.35610000 319.98860000 -88.05493000 166.88360000 322.98500000 -88.05493000 168.45090000 16.00000000
//-collider
COOBB Y 305.29240000 -88.43869000 -141.12520000 305.64890000 -88.43869000 -141.47570000 310.42220000 -88.43869000 -135.90660000 16.00000000
//collider
COOBB N 248.44430000 -94.31394000 10.04301000 247.94850000 -94.31394000 10.10746000 248.18780000 -94.31394000 8.07005200 16.00000000
//-collider
COOBB Y 226.51560000 -93.17434000 101.35750000 226.90600000 -93.17434000 101.66990000 224.79860000 -93.17434000 103.50330000 16.00000000
//-collider
COAABB Y 351.161 -84.640 -74.658 353.059 -68.640 -74.154
//collider
COAABB N 357.064 -82.085 -18.223 371.377 -66.085 -17.629
//-collider
COOBB Y 291.62550000 -93.97121000 93.00246000 291.26510000 -93.97121000 93.34896000 286.45490000 -93.97121000 87.62348000 16.00000000
//-collider
COOBB Y 354.65240000 -93.75732000 89.86469000 354.72530000 -93.75732000 89.37004000 357.71680000 -93.75732000 90.31665000 16.00000000
//-collider
COOBB Y 226.70370000 -93.75732000 -112.94650000 226.71160000 -93.75732000 -113.44640000 237.76660000 -93.75732000 -112.77010000 16.00000000
//-collider
COOBB Y 322.98500000 -88.05493000 168.45090000 323.48500000 -88.05493000 168.46020000 322.78060000 -88.05493000 179.46400000 16.00000000
//-collider
COAABB Y 242.636 -93.757 77.634 262.261 -77.757 78.188
//-collider
COOBB Y 157.31840000 -101.72290000 7.23804100 156.96530000 -101.72290000 6.88404300 158.41960000 -101.72290000 6.13959300 16.00000000
//-collider
COOBB Y 340.56590000 -82.08463000 31.89442000 340.06590000 -82.08463000 31.89888000 340.53210000 -82.08463000 28.10722000 16.00000000
//collider
COAABB N 278.345 -94.314 -15.183 280.569 -78.314 -14.665
//-collider
COOBB Y 298.39160000 -88.09631000 141.56330000 298.35200000 -88.09631000 142.06180000 291.32470000 -88.09631000 141.00200000 16.00000000
//-collider
COOBB Y 371.18010000 -82.08463000 35.38763000 371.52130000 -82.08463000 35.75314000 369.55970000 -82.08463000 36.90017000 16.00000000
//-collider
COAABB Y 333.638 -93.757 81.527 334.247 -77.757 100.533
//-collider
COOBB Y 224.79860000 -93.17434000 103.50330000 225.15070000 -93.17434000 103.14820000 226.34640000 -93.17434000 105.03800000 16.00000000
//-collider
COAABB Y 384.265 -82.085 -25.635 384.776 -66.085 -23.805
//-collider
COAABB Y 344.749 -82.085 -23.702 348.262 -66.085 -23.190
//collider
COAABB N 248.490 -94.314 -10.254 260.512 -78.314 -9.748
//-collider
COAABB Y 167.751 -98.860 -4.905 168.327 -82.860 5.084
//collider
COAABB N 347.664 -84.559 53.129 348.193 -68.559 61.668
//-collider
COOBB Y 239.23340000 -93.75732000 -101.02910000 238.92830000 -93.75732000 -100.63290000 237.81560000 -93.75732000 -102.12060000 16.00000000
//collider
COAABB N 260.490 -94.314 9.989 260.993 -78.314 22.996
//collider
COAABB N 346.148 -82.085 -7.338 346.650 -66.085 7.253
//-collider
COOBB Y 323.23210000 -93.75732000 -124.45370000 322.85250000 -93.75732000 -124.12830000 321.68830000 -93.75732000 -126.25440000 16.00000000
//-collider
COOBB Y 158.31620000 -101.72290000 -5.85134100 157.96320000 -101.72290000 -5.49729800 157.37640000 -101.72290000 -6.78853000 16.00000000
//-collider
COOBB Y 361.07230000 -84.64011000 -62.71603000 360.78380000 -84.64011000 -62.30766000 359.92200000 -84.64011000 -63.52868000 16.00000000
//collider
COOBB N 282.14940000 -94.31394000 -6.93998400 282.56560000 -94.31394000 -7.21708600 283.13040000 -94.31394000 -5.46644900 16.00000000
//-collider
COOBB Y 267.13550000 -94.31394000 -92.59971000 267.12620000 -94.31394000 -93.09962000 281.79570000 -94.31394000 -92.87103000 16.00000000
//-collider
COOBB Y 358.05510000 -84.64011000 -73.31891000 357.73660000 -84.64011000 -73.70432000 359.21870000 -84.64011000 -74.28053000 16.00000000
//-collider
COAABB Y 347.306 -90.494 -89.248 349.845 -74.494 -88.737
//-collider
COOBB Y 157.31950000 -101.72290000 -11.06780000 156.96800000 -101.72290000 -11.42337000 158.24350000 -101.72290000 -11.98128000 16.00000000
//-collider
COAABB Y 388.609 -82.085 -24.680 389.129 -66.085 -6.731
//collider
COOBB N 352.88770000 -82.08463000 13.83897000 352.53100000 -82.08463000 13.48856000 355.28590000 -82.08463000 11.39804000 16.00000000
//-collider
COOBB Y 362.79600000 -84.64011000 62.68856000 363.11620000 -84.64011000 62.30454000 364.06360000 -84.64011000 63.74546000 16.00000000
//-collider
COOBB Y 226.40110000 -91.44381000 -113.64520000 226.80830000 -91.44381000 -113.35500000 224.85840000 -91.44381000 -111.48030000 16.00000000
//-collider
COOBB Y 252.52930000 -94.31394000 46.66555000 252.16970000 -94.31394000 47.01296000 249.04240000 -94.31394000 43.05635000 16.00000000
//-collider
COOBB Y 354.59560000 -93.75732000 88.79882000 355.09490000 -93.75732000 88.77222000 354.65240000 -93.75732000 89.86468000 16.00000000
//-collider
COOBB Y 273.75290000 -94.31394000 39.51891000 274.25290000 -94.31394000 39.51425000 274.05330000 -94.31394000 71.74159000 16.00000000
//collider
COOBB N 260.51170000 -94.31394000 -9.74835300 261.00640000 -94.31394000 -9.82044100 260.76620000 -94.31394000 -8.00106700 16.00000000
//-collider
COOBB Y 156.64700000 -101.72290000 -4.19296400 156.29460000 -101.72290000 -4.54766700 158.31620000 -101.72290000 -5.85133700 16.00000000
//-collider
COOBB Y 355.19400000 -84.64011000 74.18851000 354.92590000 -84.64011000 74.61053000 353.95930000 -84.64011000 73.40397000 16.00000000
//-collider
COOBB Y 288.93950000 -88.05493000 180.47900000 288.64880000 -88.05493000 180.88580000 286.12000000 -88.05493000 178.46330000 16.00000000
//-collider
COOBB Y 347.01670000 -84.64011000 74.16513000 346.70340000 -84.64011000 74.55476000 345.95900000 -84.64011000 73.31454000 16.00000000
//-collider
COAABB Y 174.749 -98.860 -10.808 175.263 -82.860 10.982
//-collider
COOBB Y 192.59960000 -93.17434000 100.96370000 192.17110000 -93.17434000 101.22130000 191.09650000 -93.17434000 98.46326000 16.00000000
//-collider
COOBB Y 353.05850000 -84.64011000 -74.15790000 353.38600000 -84.64011000 -74.53570000 354.08620000 -84.64011000 -73.26698000 16.00000000
//-collider
COOBB Y 347.96270000 -90.47253000 81.33631000 347.47520000 -90.47253000 81.22508000 348.12030000 -90.47253000 80.64563000 16.00000000
//-collider
COAABB Y 337.374 -84.640 -72.831 341.600 -68.640 -72.310
//-collider
COOBB Y 350.29830000 -93.75732000 -89.60754000 350.28490000 -93.75732000 -89.10773000 347.16260000 -93.75732000 -89.69199000 16.00000000
//-collider
COAABB Y 139.893 -101.723 5.380 155.612 -85.723 5.921
//-collider
COOBB Y 291.17450000 -88.43869000 -140.88420000 291.16600000 -88.43869000 -141.38410000 305.29240000 -88.43869000 -141.12520000 16.00000000
//-collider
COAABB Y 348.734 -82.085 -24.700 380.194 -66.085 -24.192
//-collider
COAABB Y 333.632 -93.757 114.306 334.210 -77.757 133.601
//-collider
COOBB Y 350.97670000 -84.64011000 74.18703000 350.64530000 -84.64011000 74.56137000 349.97800000 -84.64011000 73.30270000 16.00000000
//-collider
COAABB Y 262.260 -93.757 78.184 262.782 -77.757 80.985
//collider
COOBB N 377.62230000 -82.08463000 10.42160000 377.31820000 -82.08463000 10.81852000 375.59250000 -82.08463000 8.86664700 16.00000000
//-collider
COOBB Y 286.45490000 -88.09631000 135.75220000 286.83570000 -88.09631000 136.07620000 282.05000000 -88.09631000 140.93010000 16.00000000
//-collider
COAABB Y 285.605 -88.055 168.021 286.120 -72.055 178.464
//-collider
COOBB Y 335.52300000 -84.64011000 -66.62045000 335.02310000 -84.64011000 -66.61154000 335.45140000 -84.64011000 -70.63516000 16.00000000
//-collider
COAABB Y 310.247 -93.757 78.327 310.757 -77.757 81.161
//-collider
COOBB Y 202.43430000 -91.44381000 -88.94750000 201.94960000 -91.44381000 -88.82441000 201.73150000 -91.44381000 -91.71412000 16.00000000
//-collider
COOBB Y 259.24240000 -94.31394000 22.97567000 259.54340000 -94.31394000 23.37491000 258.10070000 -94.31394000 23.83646000 16.00000000
//-collider
COOBB Y 259.97080000 -94.31394000 25.34660000 260.47070000 -94.31394000 25.35651000 259.78820000 -94.31394000 34.54882000 16.00000000
//-collider
COAABB Y 357.886 -93.757 -109.649 358.496 -77.757 -89.821
//-collider
COOBB Y 217.15390000 -93.17434000 90.52155000 217.53220000 -93.17434000 90.19468000 226.51560000 -93.17434000 101.35750000 16.00000000
//collider
COOBB N 246.54780000 -94.31394000 6.37828200 246.46930000 -94.31394000 6.87208000 244.42540000 -94.31394000 6.04083200 16.00000000
//-collider
COOBB Y 323.23210000 -93.75732000 90.62572000 322.85250000 -93.75732000 90.95116000 321.68830000 -93.75732000 88.82508000 16.00000000
//-collider
COAABB Y 310.461 -88.096 139.481 310.962 -72.096 143.395
//-collider
COOBB Y 262.22140000 -93.75732000 133.79850000 262.72050000 -93.75732000 133.82890000 262.04120000 -93.75732000 136.75040000 16.00000000
//-collider
COOBB Y 262.57810000 -94.31394000 -87.85532000 262.21750000 -94.31394000 -88.20170000 267.13550000 -94.31394000 -92.59971000 16.00000000
//collider
COAABB N 264.403 -94.314 -6.511 275.209 -78.314 -5.943
//-collider
COOBB Y 311.08480000 -88.05493000 189.15980000 311.54020000 -88.05493000 189.36620000 309.68410000 -88.05493000 192.24970000 16.00000000
//-collider
COOBB Y 342.21230000 -84.55911000 64.84345000 341.74180000 -84.55911000 64.67427000 343.00710000 -84.55911000 62.63312000 16.00000000
//-collider
COAABB Y 344.235 -82.085 23.784 344.748 -66.085 25.485
//-collider
COOBB Y 168.46530000 -98.86048000 -13.73611000 168.83210000 -98.86048000 -13.39637000 166.83600000 -98.86048000 -11.97696000 16.00000000
//-collider
COAABB Y 310.739 -93.757 88.825 321.692 -77.757 89.413
//-collider
COOBB Y 249.76120000 -93.75731000 -90.39364000 250.09820000 -93.75731000 -90.76301000 251.55250000 -93.75731000 -88.75935000 16.02457000
//-collider
COOBB Y 344.27830000 -82.08463000 -24.70531000 343.94630000 -82.08463000 -24.33145000 340.56460000 -82.08463000 -28.00330000 16.00000000
//-collider
COOBB Y 320.21710000 -88.05493000 179.94090000 320.69530000 -88.05493000 179.79490000 321.06120000 -88.05493000 182.70530000 16.00000000
//collider
COOBB N 264.48340000 -94.31394000 5.98243900 264.57970000 -94.31394000 6.47306800 262.55280000 -94.31394000 6.36155700 16.00000000
//-collider
COAABB Y 226.712 -93.757 101.790 237.665 -77.757 102.310
//-collider
COOBB Y 364.06360000 -84.64011000 63.74545000 363.71170000 -84.64011000 63.39023000 365.02240000 -84.64011000 62.79570000 16.00000000
//-collider
COAABB Y 226.711 -93.757 112.704 237.649 -77.757 113.264
//-collider
COOBB Y 158.41960000 -101.72290000 6.13959000 158.05560000 -101.72290000 6.48238200 156.72170000 -101.72290000 4.33665000 16.00000000
//-collider
COOBB Y 176.33400000 -98.86048000 11.98948000 175.99140000 -98.86048000 12.35360000 175.26300000 -98.86048000 10.98160000 16.00000000
//-collider
COOBB Y 266.76460000 -88.43869000 -122.25060000 266.37220000 -88.43869000 -121.94080000 262.79210000 -88.43869000 -127.28140000 16.00000000
//-collider
COOBB Y 321.06120000 -88.05493000 182.70530000 321.41970000 -88.05493000 183.05380000 313.23170000 -88.05493000 190.76070000 16.00000000
//-collider
COOBB Y 357.06970000 -84.64011000 62.83102000 357.04340000 -84.64011000 62.33171000 358.79810000 -84.64011000 62.73975000 16.00000000
//-collider
COOBB Y 288.89790000 -88.05493000 167.52290000 288.41000000 -88.05493000 167.63240000 288.15790000 -88.05493000 164.22870000 16.00000000
//-collider
COAABB Y 399.785 -83.940 -32.039 400.334 -66.085 -6.735
//-collider
COOBB Y 355.13790000 -90.49366000 -88.17481000 354.63870000 -90.49366000 -88.20260000 355.17530000 -90.49366000 -88.84600000 16.00000000
//collider
COOBB N 368.40510000 -84.55911000 56.12526000 368.40960000 -84.55911000 56.62524000 359.71770000 -84.55911000 56.20442000 16.00000000
//-collider
COAABB Y 249.662 -93.757 -124.671 250.261 -77.757 -90.394
//collider
COAABB N 283.537 -94.314 -6.451 285.433 -78.314 -5.945
//collider
COOBB N 358.63360000 -84.55911000 -53.06287000 358.15170000 -84.55911000 -53.19625000 359.56060000 -84.55911000 -56.41206000 16.00000000
//-collider
COOBB Y 224.72760000 -91.44381000 -103.48370000 225.10740000 -91.44381000 -103.80890000 226.46260000 -91.44381000 -101.45770000 16.00000000
//-collider
COOBB Y 281.73910000 -94.31394000 -74.04157000 281.73320000 -94.31394000 -73.54160000 266.08660000 -94.31394000 -74.22649000 16.00000000
//-collider
COOBB Y 299.17140000 -88.05493000 144.19310000 299.10290000 -88.05493000 143.69780000 302.42390000 -88.05493000 143.74340000 16.00000000
//-collider
COOBB Y 286.44040000 -93.97121000 79.32483000 286.08330000 -93.97121000 78.97487000 291.49150000 -93.97121000 74.17059000 16.00000000
//-collider
COOBB Y 300.45700000 -88.09631000 143.59630000 300.10630000 -88.09631000 143.95270000 298.39160000 -88.09631000 141.56330000 16.00000000
//-collider
COAABB Y 251.553 -93.733 -89.259 262.290 -77.720 -88.710
//collider
COOBB N 350.08380000 -82.08463000 10.86924000 349.72120000 -82.08463000 11.21352000 346.64980000 -82.08463000 7.25276800 16.00000000
//collider
COOBB N 356.97330000 -82.08463000 17.75010000 356.62750000 -82.08463000 18.11128000 352.88770000 -82.08463000 13.83896000 16.00000000
//-collider
COAABB Y 157.389 -101.723 23.150 167.546 -80.624 23.684
//-collider
COOBB Y 388.49080000 -82.08463000 -5.34554700 388.03650000 -82.08463000 -5.55453000 389.12860000 -82.08463000 -6.73200900 16.00000000
//-collider
COOBB Y 379.91000000 -84.64011000 -72.65433000 379.90210000 -84.64011000 -72.15439000 374.87500000 -84.64011000 -72.73438000 16.00000000
//-collider
COAABB Y 310.827 -93.757 -89.263 321.630 -77.757 -88.696
//-collider
COOBB Y 357.16270000 -84.64011000 -62.79654000 356.81820000 -84.64011000 -62.43420000 356.15870000 -84.64011000 -63.75130000 16.00000000
//collider
COAACYLINDER N 304.300 -89.970 173.900 0.700 2.980
//-collider
COOBB Y 366.68550000 -83.08989000 -47.24829000 366.58980000 -83.08989000 -47.73905000 369.90830000 -83.08989000 -47.87654000 16.00967000
//-collider
COOBB Y 359.21870000 -84.64011000 -74.28053000 359.20580000 -84.64011000 -74.78036000 360.95420000 -84.64011000 -74.32521000 16.00000000
//-collider
COOBB Y 138.61780000 -101.72290000 3.75487800 138.11790000 -101.72290000 3.76316100 138.49230000 -101.72290000 -3.82276700 16.00000000
//-collider
COOBB Y 184.62300000 -96.62414000 12.03477000 184.97460000 -96.62414000 11.67930000 185.61970000 -96.62414000 13.02070000 16.00000000
//-collider
COOBB Y 310.75490000 -93.75732000 129.22380000 310.25510000 -93.75732000 129.21110000 310.82710000 -93.75732000 126.37820000 16.00000000
//collider
COAABB N 347.693 -84.559 53.049 358.698 -68.559 53.629
//-collider
COOBB Y 189.72540000 -91.44381000 -113.31290000 189.60260000 -91.44381000 -113.79750000 192.49220000 -91.44381000 -114.01390000 16.00000000
//collider
COOBB N 282.14030000 -94.31394000 13.07917000 282.49330000 -94.31394000 13.43325000 280.63860000 -94.31394000 14.57638000 16.00000000
//-collider
COAABB Y 322.732 -93.757 -124.454 323.281 -77.757 -90.324
//-collider
COOBB Y 210.73640000 -94.31394000 -3.83032200 210.32440000 -94.31394000 -4.11363200 211.45940000 -94.31394000 -4.88170700 16.00000000
//-collider
COOBB Y 262.78970000 -93.97121000 79.25645000 262.44240000 -93.97121000 78.89671000 264.62720000 -93.97121000 77.48272000 16.00000000
//-collider
COOBB Y 213.95300000 -93.17434000 89.01220000 214.43310000 -93.17434000 88.87222000 214.76580000 -93.17434000 91.79921000 16.00000000
//-collider
COAABB Y 335.131 -93.757 -113.504 354.235 -77.757 -113.003
//-collider
COAABB Y 185.780 -96.624 -10.843 186.296 -80.624 -5.289
//-collider
COOBB Y 373.90700000 -90.47253000 74.51047000 374.35670000 -90.47253000 74.29178000 374.28270000 -90.47253000 75.28271000 16.00000000
//-collider
COOBB Y 155.62250000 -101.72290000 -5.28767600 155.98760000 -101.72290000 -5.62932200 156.64700000 -101.72290000 -4.19296400 16.00000000
//-collider
COOBB Y 342.26630000 -84.55911000 -48.14950000 341.76750000 -84.55911000 -48.11435000 342.14120000 -84.55911000 -49.92495000 16.00000000
//-collider
COOBB Y 158.37510000 -101.72290000 11.98767000 158.00350000 -101.72290000 12.32222000 157.35670000 -101.72290000 10.85652000 16.00000000
//-collider
COAABB Y 333.937 -93.757 -101.975 334.457 -77.757 -81.604
//-collider
COAABB Y 355.175 -90.494 -89.346 374.848 -74.494 -88.716
//-collider
COOBB Y 347.66400000 -84.55911000 61.66609000 348.02780000 -84.55911000 62.00909000 346.96940000 -84.55911000 62.40281000 16.00000000
//-collider
COAABB Y 210.210 -96.624 2.627 210.713 -80.624 3.904
//-collider
COOBB Y 363.19840000 -90.47253000 74.19704000 362.92570000 -90.47253000 74.61612000 362.02280000 -90.47253000 73.43201000 16.00000000
//-collider
COOBB Y 281.76310000 -93.97121000 74.30618000 282.12890000 -93.97121000 73.96529000 286.44040000 -93.97121000 79.32483000 16.00000000
//collider
COOBB N 283.82540000 -94.31394000 5.97259700 283.54540000 -94.31394000 6.38688000 283.11800000 -94.31394000 5.49456800 16.00000000
//-collider
COOBB Y 224.85840000 -91.44381000 -111.48020000 225.19750000 -91.44381000 -111.84760000 226.30680000 -91.44381000 -110.14330000 16.00000000
//-collider
COAABB Y 262.294 -93.757 85.765 262.799 -77.757 88.796
//-collider
COOBB Y 356.03650000 -84.64011000 63.66697000 355.72200000 -84.64011000 63.27825000 357.06980000 -84.64011000 62.83103000 16.00000000
//-collider
COAABB Y 310.700 -93.757 -78.231 330.661 -77.757 -77.694
//-collider
COOBB Y 344.72500000 -84.64011000 -74.35917000 345.05250000 -84.64011000 -74.73703000 345.92650000 -84.64011000 -73.31802000 16.00000000
//-collider
COOBB Y 288.15790000 -88.05493000 164.22870000 287.83870000 -88.05493000 163.84390000 298.31530000 -88.05493000 155.79980000 16.00000000
//-collider
COOBB Y 350.89170000 -84.55911000 62.71341000 351.23640000 -84.55911000 62.35120000 351.98980000 -84.55911000 63.75839000 16.00000000
//collider
COOBB N 354.62750000 -82.08463000 -11.14807000 354.24040000 -82.08463000 -10.83159000 352.62860000 -82.08463000 -13.59284000 16.00000000
//-collider
COOBB Y 348.86280000 -84.64011000 74.20812000 348.85120000 -84.64011000 74.70798000 347.01670000 -84.64011000 74.16514000 16.00000000
//-collider
COOBB Y 347.03710000 -84.64011000 -74.27021000 347.02030000 -84.64011000 -74.76994000 348.52770000 -84.64011000 -74.32018000 16.00000000
//-collider
COOBB Y 157.35670000 -101.72290000 10.85652000 156.85670000 -101.72290000 10.86181000 157.31840000 -101.72290000 7.23804300 16.00000000
//-collider
COAABB Y 381.768 -84.640 -70.037 382.294 -68.640 -66.924
//-collider
COOBB Y 281.77060000 -88.43869000 -121.95860000 281.76420000 -88.43869000 -121.45860000 266.44670000 -88.43869000 -122.15520000 16.00000000
//-collider
COAABB Y 371.376 -84.559 -35.832 396.427 -67.322 -35.329
//-collider
COAABB Y 362.971 -84.640 -74.786 369.789 -68.640 -74.234
//-collider
COOBB Y 191.15970000 -91.44381000 -116.62780000 190.80480000 -91.44381000 -116.97990000 199.19470000 -91.44381000 -124.72710000 16.00000000
//-collider
COOBB Y 209.05280000 -96.62414000 -5.34212200 209.43910000 -96.62414000 -5.65963200 210.26510000 -96.62414000 -3.86740000 16.00000000
//-collider
COOBB Y 352.02580000 -84.55911000 -63.65713000 352.36130000 -84.55911000 -63.28644000 350.89840000 -84.55911000 -62.63662000 16.00000000
//-collider
COOBB Y 374.84500000 -90.49366000 -88.71593000 375.34490000 -90.49366000 -88.70371000 374.80290000 -90.49366000 -86.99290000 16.00000000
//-collider
COOBB Y 157.37640000 -101.72290000 -6.78853000 156.87650000 -101.72290000 -6.78187700 157.31950000 -101.72290000 -11.06780000 16.00000000
//-collider
COOBB Y 374.76090000 -90.49366000 -75.01611000 375.09740000 -90.49366000 -74.64635000 374.08060000 -90.49366000 -74.39692000 16.00000000
//collider
COAABB N 368.640 -90.494 -83.551 369.183 -74.494 -75.436
//collider
COOBB N 275.80800000 -94.31394000 5.38067600 276.18330000 -94.31394000 5.71097900 275.39920000 -94.31394000 5.84527900 16.00000000
//-collider
COOBB Y 369.69590000 -84.55911000 55.21770000 369.80210000 -84.55911000 55.70628000 368.83350000 -84.55911000 55.40520000 16.00000000
//-collider
COAABB Y 267.084 -93.971 92.864 281.768 -77.971 93.477
//-collider
COAABB Y 251.553 -93.733 125.663 262.290 -77.720 126.212
//-collider
COAABB Y 226.210 -93.174 102.287 226.723 -77.174 105.228
//-collider
COOBB Y 166.89960000 -98.86048000 -5.93245400 167.27040000 -98.86048000 -6.26793500 167.85360000 -98.86048000 -4.87813700 16.00000000
//-collider
COOBB Y 360.95420000 -84.64011000 -74.32521000 361.28300000 -84.64011000 -74.70184000 361.99050000 -84.64011000 -73.42035000 16.00000000
//-collider
COOBB Y 342.06990000 -84.64011000 72.36318000 342.05960000 -84.64011000 72.86308000 337.04850000 -84.64011000 72.26008000 16.00000000
//-collider
COOBB Y 310.33010000 -93.97121000 87.89227000 310.69950000 -93.97121000 88.22930000 305.70940000 -93.97121000 92.95579000 16.00000000
//-collider
COOBB Y 309.77570000 -88.05493000 155.65420000 309.78290000 -88.05493000 156.15410000 306.46450000 -88.05493000 155.70160000 16.00000000
