COCOUNT 661
//collider
COOBB N 358.26230000 -90.47253000 83.81360000 358.26730000 -90.47253000 83.31363000 369.24740000 -90.47253000 83.92349000 16.00000000
//-collider
COOBB Y 266.80010000 -94.31394000 -71.66916000 266.72780000 -94.31394000 -71.17442000 262.51720000 -94.31394000 -72.29558000 16.00000000
//-collider
COOBB Y 310.33010000 -88.09631000 135.65260000 310.68010000 -88.09631000 136.00970000 306.77440000 -88.09631000 139.13890000 16.00000000
//-collider
COOBB Y 249.11800000 -94.31394000 -56.54506000 248.76530000 -94.31394000 -56.89946000 251.54480000 -94.31394000 -58.96031000 16.00000000
//-collider
COAABB Y 226.265 -93.444 -105.797 226.767 -77.444 -102.932
//-collider
COOBB Y 237.66380000 -93.75732000 102.30960000 237.29580000 -93.75732000 101.97120000 239.23330000 -93.75732000 100.60320000 16.00000000
//collider
COOBB N 350.28800000 -82.08463000 -11.02424000 350.62080000 -82.08463000 -11.39738000 352.29870000 -82.08463000 -9.23076800 16.00000000
//-collider
COAABB Y 203.474 -93.528 88.603 213.299 -77.528 89.148
//-collider
COAABB Y 374.575 -84.640 64.380 379.978 -68.640 64.921
//-collider
COOBB Y 173.53820000 -96.62414000 -23.16572000 173.87080000 -96.62414000 -23.53912000 174.50500000 -96.62414000 -22.30478000 16.00000000
//-collider
COAABB Y 167.751 -98.860 -4.905 168.327 -82.860 5.084
//-collider
COAABB Y 337.412 -84.640 -64.935 342.393 -68.640 -64.419
//-collider
COAABB Y 399.737 -82.085 23.600 400.279 -66.085 33.055
//-collider
COOBB Y 308.44370000 -94.31394000 -77.97778000 308.79280000 -94.31394000 -78.33571000 310.46110000 -94.31394000 -76.00990000 16.00000000
//-collider
COOBB Y 168.52230000 -96.62414000 -22.24827000 168.18880000 -96.62414000 -22.62080000 169.56140000 -96.62414000 -23.17849000 16.00000000
//-collider
COOBB Y 260.65090000 -87.21027000 153.95290000 260.31660000 -87.21027000 153.58120000 264.80130000 -87.21027000 150.22050000 16.00000000
//-collider
COOBB Y 389.25260000 -82.08463000 6.85502100 388.79220000 -82.08463000 7.04999600 388.54220000 -82.08463000 5.17736000 16.00000000
//-collider
COOBB Y 158.37510000 -101.72290000 11.98769000 158.00350000 -101.72290000 12.32224000 157.35660000 -101.72290000 10.85653000 16.00000000
//-collider
COOBB Y 272.28340000 -87.21027000 150.27570000 272.60640000 -87.21027000 149.89390000 276.29860000 -87.21027000 153.67230000 16.00000000
//-collider
COAABB Y 298.705 -93.419 -60.190 299.212 -62.383 -36.083
//-collider
COAABB Y 259.728 -94.314 -48.382 260.262 -78.314 -25.229
//-collider
COOBB Y 357.14720000 -84.64011000 62.59296000 357.16520000 -84.64011000 62.09329000 359.12400000 -84.64011000 62.66449000 16.00000000
//-collider
COOBB Y 347.01340000 -84.64011000 -74.21638000 347.02140000 -84.64011000 -74.71632000 349.12410000 -84.64011000 -74.18233000 16.00000000
//collider
COOBB N 352.29870000 -82.08463000 -9.23077400 351.97280000 -82.08463000 -9.60992200 354.84720000 -82.08463000 -11.42166000 16.00000000
//-collider
COOBB Y 333.69960000 -93.75732000 134.26490000 334.07530000 -93.75732000 134.59490000 331.29700000 -93.75732000 137.00030000 16.00000000
//-collider
COOBB Y 138.49230000 -101.72290000 -3.82275200 138.11110000 -101.72290000 -4.14636700 139.79240000 -101.72290000 -5.35403000 16.00000000
//-collider
COAABB Y 343.497 -82.703 -35.799 357.551 -66.394 -35.271
//collider
COOBB N 280.54200000 -94.31394000 -14.41731000 280.89730000 -94.31394000 -14.76908000 281.81200000 -94.31394000 -13.13434000 16.00000000
//-collider
COOBB Y 286.44030000 -94.31394000 -87.65813000 286.08320000 -94.31394000 -88.00811000 291.02500000 -94.31394000 -92.33604000 16.00000000
//-collider
COOBB Y 282.04580000 -88.43869000 -139.20520000 282.35290000 -88.43869000 -139.59970000 286.58510000 -88.43869000 -135.67180000 16.00000000
//-collider
COAABB Y 309.714 -93.492 60.125 310.244 -77.485 71.298
//-collider
COOBB Y 350.89700000 -84.64011000 74.15553000 350.58310000 -84.64011000 74.54470000 350.01350000 -84.64011000 73.44282000 16.00000000
//-collider
COOBB Y 239.22570000 -93.75732000 114.25490000 238.87540000 -93.75732000 114.61170000 237.64620000 -93.75732000 112.70440000 16.00000000
//-collider
COOBB Y 367.98420000 -84.64011000 -63.63126000 368.32510000 -84.64011000 -63.26551000 366.70250000 -84.64011000 -62.43667000 16.00000000
//-collider
COAABB Y 238.733 -93.757 -101.504 239.287 -77.757 -80.630
//collider
COAABB N 357.089 -82.085 -18.211 371.612 -66.085 -17.689
//-collider
COOBB Y 355.05260000 -94.25911000 -87.74857000 354.55270000 -94.25911000 -87.73850000 355.02630000 -94.25911000 -89.05199000 16.00000000
//-collider
COOBB Y 185.59630000 -96.62414000 -23.16395000 186.09630000 -96.62414000 -23.16836000 185.68530000 -96.62414000 -13.06141000 16.00000000
//-collider
COOBB Y 174.51530000 -98.86048000 -13.73049000 174.85050000 -98.86048000 -13.35952000 173.42820000 -98.86048000 -12.74818000 16.00000000
//-collider
COAABB Y 226.210 -93.528 102.288 226.723 -77.528 105.719
//-collider
COOBB Y 176.33400000 -98.86048000 11.98948000 175.99140000 -98.86048000 12.35361000 175.26300000 -98.86048000 10.98163000 16.00000000
//-collider
COOBB Y 166.83610000 -98.86048000 -11.97701000 167.19440000 -98.86048000 -12.32575000 167.87230000 -98.86048000 -10.91232000 16.00000000
//-collider
COOBB Y 166.99800000 -98.86048000 6.00149700 167.37660000 -98.86048000 5.67496300 167.86910000 -98.86048000 7.01171400 16.00000000
//-collider
COOBB Y 258.20820000 -94.31394000 -23.77987000 258.49290000 -94.31394000 -24.19090000 259.17450000 -94.31394000 -23.11058000 16.00000000
//-collider
COAABB Y 226.704 -93.757 -113.402 247.494 -77.757 -112.831
//collider
COAABB N 276.659 -94.314 -13.389 277.161 -78.314 -6.836
//-collider
COOBB Y 277.66010000 -87.21027000 160.40420000 277.90890000 -87.21027000 160.83790000 275.73080000 -87.21027000 161.51090000 16.00000000
//-collider
COAABB Y 357.484 -82.085 -24.699 380.194 -66.085 -24.192
//-collider
COOBB Y 225.55410000 -93.44424000 -114.55260000 226.02090000 -93.44424000 -114.37330000 224.34500000 -93.44424000 -111.40380000 16.00000000
//-collider
COOBB Y 157.37640000 -101.72290000 -6.78854500 156.87650000 -101.72290000 -6.78189100 157.31950000 -101.72290000 -11.06781000 16.00000000
//-collider
COOBB Y 359.24600000 -82.08463000 36.82440000 358.90260000 -82.08463000 37.18787000 357.80760000 -82.08463000 35.46560000 16.00000000
//-collider
COOBB Y 167.75140000 -98.86048000 5.08025200 168.13840000 -98.86048000 5.39679000 166.99800000 -98.86048000 6.00149500 16.00000000
//collider
COAACYLINDER N 141.000 -101.490 3.900 0.700 2.980
//-collider
COOBB Y 311.45900000 -78.49796000 -10.00015000 311.95890000 -78.49796000 -10.01065000 311.50020000 -78.49796000 -8.04259900 16.00122000
//-collider
COOBB Y 169.50260000 -98.86048000 -12.74495000 169.15720000 -98.86048000 -12.38344000 168.46530000 -98.86048000 -13.73610000 16.00000000
//collider
COAABB N 264.403 -94.314 -6.511 275.209 -78.314 -5.943
//-collider
COOBB Y 343.28610000 -82.08463000 35.46069000 342.89680000 -82.08463000 35.77442000 340.58710000 -82.08463000 32.11135000 16.00000000
//-collider
COOBB Y 345.91750000 -84.64011000 73.40083000 346.21290000 -84.64011000 73.80421000 344.80500000 -84.64011000 74.21559000 16.00000000
//-collider
COAABB Y 203.338 -93.444 -126.288 213.102 -77.444 -125.787
//-collider
COAABB Y 369.622 -83.167 -47.286 370.147 -67.090 -37.001
//-collider
COOBB Y 355.17550000 -84.64011000 62.82724000 355.52520000 -84.64011000 62.46991000 355.99330000 -84.64011000 63.62771000 16.00000000
//-collider
COAABB Y 311.484 -78.513 -16.011 311.995 -62.510 -14.059
//-collider
COOBB Y 342.27790000 -84.64011000 -72.15681000 341.80320000 -84.64011000 -72.31395000 343.10990000 -84.64011000 -74.67009000 16.00000000
//-collider
COAABB Y 226.711 -93.757 112.704 237.649 -77.757 113.264
//-collider
COAABB Y 380.190 -82.085 23.733 380.694 -66.085 25.658
//-collider
COOBB Y 309.71660000 -78.48572000 5.90761000 310.09900000 -78.48572000 5.58540200 311.48650000 -78.48572000 8.00776900 16.00122000
//-collider
COOBB Y 357.71600000 -93.75732000 110.28070000 358.06290000 -93.75732000 110.64080000 355.19420000 -93.75732000 112.71040000 16.00000000
//collider
COOBB N 382.13120000 -82.08463000 5.17110000 382.52010000 -82.08463000 5.48534300 377.80590000 -82.08463000 10.52418000 16.00000000
//-collider
COAABB Y 266.332 -88.096 123.225 283.199 -72.096 123.818
//-collider
COAABB Y 138.059 -101.723 -4.103 138.618 -85.723 3.627
//-collider
COOBB Y 399.73740000 -82.08463000 33.05238000 400.09640000 -82.08463000 33.40038000 397.58530000 -82.08463000 35.27259000 16.00000000
//-collider
COOBB Y 201.65890000 -93.44424000 -123.07700000 201.23380000 -93.44424000 -123.34020000 203.33750000 -93.44424000 -125.78770000 16.00000000
//-collider
COAABB Y 296.968 -78.485 8.008 297.469 -62.483 9.973
//-collider
COAABB Y 262.222 -88.096 139.338 262.731 -72.096 143.137
//-collider
COOBB Y 347.44830000 -93.75732000 89.64391000 347.45690000 -93.75732000 89.14399000 350.06740000 -93.75732000 89.68887000 16.00000000
//-collider
COAABB Y 185.780 -96.624 -10.843 186.296 -80.624 -5.289
//-collider
COOBB Y 192.80200000 -93.44424000 -101.14360000 192.60320000 -93.44424000 -100.68480000 189.93560000 -93.44424000 -102.38560000 16.00000000
//-collider
COAABB Y 358.746 -82.085 36.824 359.266 -66.085 47.889
//-collider
COOBB Y 397.08000000 -84.55911000 -35.33086000 397.41880000 -84.55911000 -35.69851000 399.76890000 -84.55911000 -32.85231000 16.61862000
//-collider
COOBB Y 381.77350000 -84.64011000 -67.00331000 382.12770000 -84.64011000 -66.65047000 379.84200000 -84.64011000 -65.06404000 16.00000000
//-collider
COOBB Y 346.00230000 -84.64011000 -73.28592000 345.66370000 -84.64011000 -73.65384000 347.01330000 -84.64011000 -74.21637000 16.00000000
//-collider
COOBB Y 343.33220000 -82.08463000 -24.70698000 342.94910000 -82.08463000 -24.38559000 340.56470000 -82.08463000 -28.00519000 16.00000000
//-collider
COAABB Y 371.180 -82.085 35.384 388.306 -66.085 35.888
//-collider
COAABB Y 355.117 -84.640 -74.663 357.000 -68.640 -74.156
//-collider
COOBB Y 259.72810000 -94.31394000 -25.22970000 259.97850000 -94.31394000 -24.79696000 258.14160000 -94.31394000 -24.31147000 16.00000000
//-collider
COOBB Y 306.21940000 -88.43869000 -140.36000000 306.59510000 -88.43869000 -140.69010000 310.36010000 -88.43869000 -135.64700000 16.00000000
//-collider
COAABB Y 156.807 -101.723 -23.134 157.332 -85.723 -13.074
//-collider
COOBB Y 224.50910000 -93.44424000 -103.76010000 224.99130000 -93.44424000 -103.89220000 225.30080000 -93.44424000 -100.87060000 16.00000000
//-collider
COAABB Y 309.744 -93.485 35.573 310.259 -62.260 60.125
//-collider
COAABB Y 311.486 -78.485 8.008 311.987 -62.483 9.973
//-collider
COOBB Y 217.30500000 -93.52811000 123.77340000 217.14840000 -93.52811000 124.24830000 214.70790000 -93.52811000 122.91670000 16.00000000
//-collider
COOBB Y 167.55980000 -96.62414000 -23.15010000 167.90160000 -96.62414000 -23.51497000 168.52240000 -96.62414000 -22.24824000 16.00000000
//-collider
COOBB Y 282.52740000 -94.31394000 -91.49915000 282.87770000 -94.31394000 -91.85597000 286.44030000 -94.31394000 -87.65810000 16.00000000
//-collider
COOBB Y 192.74890000 -93.44424000 -113.77740000 192.27310000 -93.44424000 -113.62380000 191.76000000 -93.44424000 -116.84250000 16.00000000
//-collider
COAABB Y 346.848 -94.259 -88.738 347.357 -78.259 -82.320
//-collider
COOBB Y 192.79490000 -93.52811000 114.07690000 192.57040000 -93.52811000 114.52370000 189.97730000 -93.52811000 112.66130000 16.00000000
//collider
COOBB N 283.11800000 -94.31394000 5.49455800 283.47560000 -94.31394000 5.84397300 281.78320000 -94.31394000 6.86073900 16.00000000
//-collider
COAABB Y 399.769 -84.559 -32.854 400.302 -67.322 -24.313
//-collider
COOBB Y 310.46210000 -94.31394000 -72.26254000 310.53000000 -94.31394000 -71.76716000 306.20590000 -94.31394000 -71.67953000 16.00000000
//collider
COOBB N 358.77680000 -84.55911000 54.93429000 358.27690000 -84.55911000 54.94600000 358.73470000 -84.55911000 53.13576000 16.00000000
//-collider
COOBB Y 225.75830000 -93.52811000 113.94920000 226.13730000 -93.52811000 114.27530000 217.30500000 -93.52811000 123.77340000 16.00000000
//-collider
COOBB Y 211.45940000 -94.31394000 -4.88170200 210.95950000 -94.31394000 -4.89280400 211.48490000 -94.31394000 -6.02775900 16.00000000
//-collider
COAABB Y 341.728 -84.559 -62.194 342.228 -68.559 -48.331
//-collider
COAABB Y 307.943 -94.314 -87.753 308.500 -78.314 -79.835
//-collider
COOBB Y 337.44190000 -84.64011000 72.12964000 337.09820000 -84.64011000 72.49283000 335.47390000 -84.64011000 70.26764000 16.00000000
//-collider
COOBB Y 185.64140000 -96.62414000 11.09569000 185.98040000 -96.62414000 11.46327000 184.62300000 -96.62414000 12.03477000 16.00000000
//-collider
COOBB Y 346.24570000 -93.75732000 102.53430000 345.89750000 -93.75732000 102.17550000 347.41830000 -93.75732000 101.39640000 16.00000000
//-collider
COOBB Y 250.65880000 -94.31394000 -23.79829000 250.66640000 -94.31394000 -24.29823000 252.10220000 -94.31394000 -23.77632000 16.00000000
//-collider
COAABB Y 249.662 -93.757 90.290 250.261 -77.757 124.528
//-collider
COOBB Y 374.51570000 -84.64011000 72.05127000 375.00570000 -84.64011000 72.15057000 374.04520000 -84.64011000 74.37302000 16.00000000
//-collider
COAABB Y 156.850 -101.723 13.053 157.390 -85.723 23.152
//-collider
COOBB Y 199.16470000 -93.44424000 -124.30600000 199.38570000 -93.44424000 -124.75450000 201.65900000 -93.44424000 -123.07690000 16.00000000
//-collider
COAABB Y 278.200 -94.314 -74.809 282.846 -78.314 -74.272
//-collider
COAABB Y 348.308 -82.085 23.836 348.814 -66.085 25.447
//-collider
COOBB Y 381.73570000 -84.64011000 -70.47895000 382.23570000 -84.64011000 -70.48439000 381.77350000 -84.64011000 -67.00331000 16.00000000
//-collider
COOBB Y 201.75130000 -93.52811000 92.07284000 201.32060000 -93.52811000 91.81884000 203.47600000 -93.52811000 89.14838000 16.00000000
//collider
COOBB N 355.40410000 -82.08463000 11.37785000 355.04830000 -82.08463000 11.72921000 352.81670000 -82.08463000 8.75815700 16.00000000
//collider
COOBB N 281.78270000 -94.31394000 -6.93997400 282.15170000 -94.31394000 -7.27742000 283.13040000 -94.31394000 -5.46644600 16.00000000
//-collider
COOBB Y 283.19620000 -88.09631000 123.81840000 283.57270000 -88.09631000 123.48930000 286.44040000 -88.09631000 127.52970000 16.00000000
//-collider
COAABB Y 310.239 -93.757 -129.769 310.741 -77.757 -126.535
//-collider
COOBB Y 357.99580000 -93.75732000 -90.30679000 358.07580000 -93.75732000 -89.81323000 353.65240000 -93.75732000 -89.60257000 16.00000000
//-collider
COOBB Y 156.64700000 -101.72290000 -4.19294000 156.29460000 -101.72290000 -4.54764600 158.31620000 -101.72290000 -5.85131100 16.00000000
//-collider
COOBB Y 347.34740000 -94.25911000 -88.73830000 347.35500000 -94.25911000 -89.23824000 349.80230000 -94.25911000 -88.70088000 16.00000000
//-collider
COAABB Y 226.712 -93.757 101.790 237.665 -77.757 102.310
//collider
COOBB N 377.80590000 -82.08463000 10.52418000 377.51990000 -82.08463000 10.93432000 375.39300000 -82.08463000 8.84177400 16.00000000
//-collider
COAABB Y 353.040 -84.559 -62.632 354.970 -68.559 -62.119
//-collider
COAABB Y 363.033 -94.259 -74.735 368.593 -78.259 -74.217
//-collider
COOBB Y 239.23330000 -93.75732000 -101.50360000 238.92830000 -93.75732000 -101.10740000 237.81560000 -93.75732000 -102.59510000 16.00000000
//-collider
COOBB Y 297.16490000 -78.46126000 22.57174000 297.47010000 -78.46126000 22.17566000 299.24480000 -78.46126000 24.17416000 16.00490000
//-collider
COOBB Y 357.55020000 -83.01256000 -35.27079000 357.19450000 -83.01256000 -35.62222000 359.28460000 -83.01256000 -37.02594000 16.30931000
//collider
COAABB N 283.825 -94.314 5.964 285.481 -78.314 6.473
//-collider
COOBB Y 366.10810000 -84.55911000 47.87928000 366.51590000 -84.55911000 47.59003000 366.83580000 -84.55911000 48.90530000 16.00000000
//-collider
COOBB Y 298.86860000 -78.47594000 17.61747000 299.25810000 -78.47594000 17.93091000 297.08260000 -78.47594000 19.83715000 16.00979000
//-collider
COAABB Y 139.893 -101.723 5.380 155.612 -85.723 5.921
//collider
COOBB N 248.44430000 -94.31394000 9.68169100 247.95050000 -94.31394000 9.76027000 248.18780000 -94.31394000 8.07005200 16.00000000
//-collider
COAABB Y 297.951 -78.505 -12.876 298.459 -62.500 -11.053
//-collider
COOBB Y 335.47380000 -84.64011000 70.26765000 334.97400000 -84.64011000 70.28179000 335.37000000 -84.64011000 66.59510000 16.00000000
//-collider
COOBB Y 379.97760000 -84.64011000 64.88001000 380.36160000 -84.64011000 64.55972000 381.74260000 -84.64011000 66.99580000 16.00000000
//-collider
COAABB Y 298.753 -93.592 60.161 299.264 -77.535 71.191
//-collider
COAABB Y 335.508 -93.757 101.813 344.723 -77.757 102.322
//-collider
COOBB Y 361.98990000 -84.64011000 73.42010000 362.31160000 -84.64011000 73.80292000 360.96750000 -84.64011000 74.27914000 16.00000000
//-collider
COOBB Y 350.90220000 -84.55911000 -62.63942000 350.91760000 -84.55911000 -62.13966000 346.15440000 -84.55911000 -62.49318000 16.00000000
//-collider
COOBB Y 185.68520000 -96.62414000 -13.06144000 186.04080000 -96.62414000 -12.70994000 184.68860000 -96.62414000 -12.05322000 16.00000000
//-collider
COOBB Y 355.02620000 -94.25911000 -89.05199000 355.03160000 -94.25911000 -89.55197000 374.78030000 -94.25911000 -88.84174000 16.00000000
//-collider
COOBB Y 286.45480000 -94.31394000 -80.10713000 286.86790000 -94.31394000 -79.82545000 282.84220000 -94.31394000 -74.80867000 16.00000000
//-collider
COAABB Y 185.795 -96.624 -5.842 209.053 -80.624 -5.289
//collider
COOBB N 373.21770000 -82.08463000 11.29528000 373.52440000 -82.08463000 10.90037000 375.36080000 -82.08463000 12.95943000 16.00000000
//-collider
COOBB Y 157.31830000 -101.72290000 7.23805400 156.96520000 -101.72290000 6.88405500 158.41960000 -101.72290000 6.13959600 16.00000000
//-collider
COOBB Y 333.95560000 -93.75732000 -114.73430000 334.37050000 -93.75732000 -115.01340000 335.13100000 -93.75732000 -112.98680000 16.00000000
//-collider
COAABB Y 342.200 -84.640 74.216 344.808 -68.640 74.733
//-collider
COOBB Y 262.60860000 -94.31394000 -75.47920000 262.25810000 -94.31394000 -75.83588000 264.57410000 -94.31394000 -77.41018000 16.00000000
//-collider
COOBB Y 191.89000000 -93.52811000 97.93822000 191.53220000 -93.52811000 97.58902000 198.78990000 -93.52811000 90.86743000 16.00000000
//-collider
COAABB Y 241.479 -93.757 77.634 262.261 -77.757 78.188
//-collider
COOBB Y 371.18010000 -82.08463000 35.38762000 371.53900000 -82.08463000 35.73567000 369.88640000 -82.08463000 36.72191000 16.00000000
//-collider
COOBB Y 353.03970000 -84.55911000 -62.61897000 352.69930000 -84.55911000 -62.25268000 352.01930000 -84.55911000 -63.56712000 16.00000000
//-collider
COAABB Y 384.782 -82.085 -24.687 389.109 -66.085 -24.180
//-collider
COAABB Y 289.748 -88.096 139.139 306.777 -72.096 139.737
//-collider
COAABB Y 175.451 -96.624 -23.690 185.598 -80.624 -23.164
//-collider
COOBB Y 335.13100000 -93.75732000 -112.98680000 335.13630000 -93.75732000 -113.48670000 355.48200000 -93.75732000 -112.76970000 16.00000000
//-collider
COOBB Y 310.33000000 -88.43869000 -127.83830000 310.71920000 -88.43869000 -127.52430000 308.37760000 -88.43869000 -125.41850000 16.00000000
//-collider
COOBB Y 176.28540000 -98.86048000 -11.95975000 175.93180000 -98.86048000 -11.60625000 174.51520000 -98.86048000 -13.73051000 16.00000000
//-collider
COAABB Y 265.430 -87.210 143.596 265.943 -71.210 148.844
//-collider
COAABB Y 335.370 -93.757 112.679 355.194 -77.757 113.210
//-collider
COAABB Y 266.071 -94.314 -91.999 282.527 -78.314 -91.487
//-collider
COOBB Y 262.60780000 -94.31394000 -87.68520000 262.23820000 -94.31394000 -88.02195000 266.07150000 -94.31394000 -91.48669000 16.00000000
//-collider
COAABB Y 309.745 -93.757 -71.770 310.262 -77.748 -60.348
//-collider
COOBB Y 355.02660000 -84.64011000 74.22615000 354.70600000 -84.64011000 74.60988000 353.95230000 -84.64011000 73.32881000 16.00000000
//-collider
COOBB Y 299.04460000 -78.49551000 -6.36982300 299.40450000 -78.49551000 -6.02272600 297.09120000 -78.49551000 -4.34443100 16.00122000
//-collider
COAABB Y 348.249 -82.085 -25.651 348.762 -66.085 -23.690
//-collider
COOBB Y 272.24180000 -88.09631000 143.11910000 272.25970000 -88.09631000 143.61880000 270.79260000 -88.09631000 143.17090000 16.00000000
//collider
COAABB N 347.693 -84.559 -53.648 358.668 -68.559 -53.146
//collider
COAABB N 278.253 -94.314 -14.921 280.543 -78.314 -14.417
//-collider
COOBB Y 380.69420000 -82.08463000 23.73368000 380.69860000 -82.08463000 23.23370000 384.30800000 -82.08463000 23.76563000 16.00000000
//-collider
COOBB Y 311.48810000 -78.46126000 22.17566000 311.83200000 -78.46126000 22.53858000 309.65320000 -78.46126000 23.91452000 16.00490000
//-collider
COAABB Y 226.210 -93.444 -113.440 226.723 -77.444 -109.200
//-collider
COAABB Y 347.401 -90.473 88.635 349.741 -74.473 89.145
//-collider
COAABB Y 291.391 -88.096 122.435 306.694 -72.096 122.972
//-collider
COOBB Y 190.00740000 -93.52811000 102.16680000 189.82040000 -93.52811000 101.70300000 192.71220000 -93.52811000 101.07640000 16.00000000
//-collider
COOBB Y 356.99820000 -84.64011000 -74.15547000 357.33250000 -84.64011000 -74.52732000 357.96240000 -84.64011000 -73.28875000 16.00000000
//-collider
COAABB Y 310.701 -93.757 136.836 331.597 -77.757 137.410
//-collider
COAABB Y 359.263 -83.071 -47.795 362.799 -67.051 -47.271
//-collider
COOBB Y 348.96750000 -94.25911000 -81.04710000 348.65730000 -94.25911000 -80.65495000 347.35670000 -94.25911000 -82.32122000 16.00000000
//-collider
COOBB Y 306.69430000 -88.09631000 122.93520000 307.07970000 -88.09631000 122.61670000 310.31190000 -88.09631000 127.31330000 16.00000000
//-collider
COAABB Y 344.237 -82.085 -25.520 344.751 -66.085 -23.699
//-collider
COOBB Y 211.52660000 -94.31394000 5.87605100 211.02670000 -94.31394000 5.88751400 211.50040000 -94.31394000 4.73684500 16.00000000
//-collider
COOBB Y 168.55540000 -96.62414000 22.22021000 168.90080000 -96.62414000 22.58175000 167.54600000 -96.62414000 23.18448000 16.00000000
//-collider
COAABB Y 311.424 -78.530 -22.036 311.926 -62.525 -19.990
//-collider
COAABB Y 418.306 -82.085 -5.368 418.852 -66.085 5.321
//-collider
COOBB Y 311.49510000 -78.51019000 -14.05895000 311.87300000 -78.51019000 -13.73154000 310.47050000 -78.51019000 -12.87640000 16.00489000
//collider
COAABB N 211.484 -94.314 -6.557 244.379 -78.314 -6.028
//-collider
COAABB Y 342.228 -84.559 -48.472 362.227 -68.559 -47.831
//-collider
COAABB Y 264.471 -88.439 -135.906 265.023 -72.439 -128.140
//-collider
COOBB Y 348.71150000 -84.64011000 -74.10751000 349.00800000 -84.64011000 -74.51013000 349.96020000 -84.64011000 -73.18802000 16.00000000
//-collider
COOBB Y 374.04520000 -84.64011000 74.37299000 374.03030000 -84.64011000 74.87277000 373.10710000 -84.64011000 74.34503000 16.00000000
//-collider
COOBB Y 275.73070000 -87.21027000 161.51090000 276.21060000 -87.21027000 161.37060000 276.35350000 -87.21027000 163.64110000 16.00000000
//-collider
COOBB Y 277.59880000 -87.21027000 156.51600000 278.09870000 -87.21027000 156.50810000 277.66010000 -87.21027000 160.40410000 16.00000000
//-collider
COOBB Y 214.45720000 -93.44424000 -122.99180000 214.27700000 -93.44424000 -123.45820000 217.56540000 -93.44424000 -124.19280000 16.00000000
//-collider
COOBB Y 158.31630000 -101.72290000 -5.85133200 157.96320000 -101.72290000 -5.49728500 157.37640000 -101.72290000 -6.78851200 16.00000000
//-collider
COAABB Y 251.553 -93.733 125.663 262.290 -77.720 126.212
//-collider
COOBB Y 335.37000000 -84.64011000 66.59506000 335.04550000 -84.64011000 66.21464000 337.44550000 -84.64011000 64.82482000 16.00000000
//collider
COOBB N 371.61170000 -82.08463000 -17.71139000 371.99850000 -82.08463000 -18.02829000 375.09740000 -82.08463000 -13.45746000 16.00000000
//-collider
COOBB Y 388.81610000 -82.08463000 35.37444000 388.82580000 -82.08463000 35.87434000 388.30540000 -82.08463000 35.38432000 16.00000000
//-collider
COOBB Y 239.24860000 -93.75732000 80.49313000 238.88520000 -93.75732000 80.14967000 241.47890000 -93.75732000 78.13356000 16.00000000
//-collider
COOBB Y 202.80490000 -93.44424000 -88.99257000 202.32250000 -93.44424000 -88.86098000 201.99040000 -93.44424000 -91.97822000 16.00000000
//collider
COAABB N 347.745 -84.559 53.121 348.309 -68.559 62.013
//-collider
COOBB Y 298.15400000 -78.48817000 0.62043230 298.50470000 -78.48817000 0.97674320 297.09730000 -78.48817000 1.66067700 16.00122000
//-collider
COAABB Y 256.730 -94.314 -24.280 258.208 -78.314 -23.778
//-collider
COOBB Y 308.37760000 -88.43869000 -125.41850000 308.79100000 -88.43869000 -125.13730000 306.54090000 -88.43869000 -122.71840000 16.00000000
//-collider
COOBB Y 224.32740000 -93.52811000 111.33350000 224.76610000 -93.52811000 111.09350000 225.75830000 -93.52811000 113.94920000 16.00000000
//-collider
COOBB Y 310.33010000 -93.97121000 87.70977000 310.65060000 -93.97121000 88.09361000 306.13490000 -93.97121000 91.21191000 16.00000000
//-collider
COOBB Y 365.21190000 -84.64011000 -62.68138000 364.91270000 -84.64011000 -62.28080000 364.01720000 -84.64011000 -63.57379000 16.00000000
//-collider
COOBB Y 262.78970000 -88.09631000 127.19940000 262.43960000 -88.09631000 126.84240000 266.33190000 -88.09631000 123.72490000 16.00000000
//collider
COOBB N 275.78350000 -94.31394000 -5.47920700 275.43240000 -94.31394000 -5.83518500 277.15900000 -94.31394000 -6.83586600 16.00000000
//-collider
COOBB Y 346.08670000 -84.55911000 62.75252000 346.09730000 -84.55911000 62.25264000 350.82190000 -84.55911000 62.85305000 16.00000000
//-collider
COOBB Y 286.45480000 -88.43869000 -128.10710000 286.83120000 -88.43869000 -127.77800000 282.44350000 -88.43869000 -123.51960000 16.00000000
//-collider
COOBB Y 156.72170000 -101.72290000 4.33665600 157.06390000 -101.72290000 4.70115600 155.61090000 -101.72290000 5.37965500 16.00000000
//-collider
COAABB Y 299.224 -78.398 -24.317 303.302 -62.388 -23.796
//-collider
COAABB Y 266.590 -93.971 74.262 282.529 -77.971 74.800
//collider
COAABB N 359.628 -84.559 -56.327 368.190 -68.559 -55.757
//-collider
COAABB Y 341.657 -84.559 48.260 342.185 -68.559 62.525
//-collider
COOBB Y 166.81460000 -98.86048000 11.88338000 167.17480000 -98.86048000 11.53654000 168.58510000 -98.86048000 13.72173000 16.00000000
//-collider
COOBB Y 362.69540000 -84.55911000 -47.70884000 362.27020000 -84.55911000 -47.44570000 362.22290000 -84.55911000 -48.47212000 16.00000000
//-collider
COOBB Y 282.52900000 -93.97121000 74.76246000 282.91730000 -93.97121000 74.44757000 286.44030000 -93.97121000 79.58676000 16.00000000
//-collider
COAABB Y 203.318 -93.528 125.583 213.505 -77.528 126.140
//-collider
COOBB Y 359.12390000 -84.64011000 62.66448000 359.48530000 -84.64011000 62.31895000 360.01430000 -84.64011000 63.59575000 16.00000000
//collider
COOBB N 375.09730000 -82.08463000 -13.45747000 375.44880000 -82.08463000 -13.10187000 373.23980000 -82.08463000 -11.62143000 16.00000000
//-collider
COAABB Y 357.047 -84.640 -62.749 358.963 -68.640 -62.236
//-collider
COOBB Y 297.11820000 -78.49306000 -1.61870200 297.45070000 -78.49306000 -1.99210700 298.17330000 -78.49306000 -0.67906580 16.00245000
//-collider
COOBB Y 226.76520000 -93.52811000 109.34170000 227.08150000 -93.52811000 109.72880000 224.32740000 -93.52811000 111.33350000 16.00000000
//collider
COAABB N 211.524 -94.314 5.876 244.425 -78.314 6.541
//-collider
COAABB Y 346.635 -93.757 -101.239 347.163 -77.757 -90.176
//-collider
COOBB Y 198.78990000 -93.52811000 90.86745000 198.97840000 -93.52811000 90.40434000 201.75120000 -93.52811000 92.07283000 16.00000000
//-collider
COOBB Y 214.77560000 -93.44424000 -92.13178000 215.21920000 -93.44424000 -91.90115000 213.13250000 -93.44424000 -88.97120000 16.00000000
//-collider
COAABB Y 298.690 -78.530 24.318 299.232 -62.527 35.791
//collider
COAABB N 368.853 -94.259 -83.881 369.370 -78.259 -75.878
//-collider
COOBB Y 350.82190000 -84.55911000 62.85307000 351.13130000 -84.55911000 62.46033000 351.88700000 -84.55911000 63.69231000 16.00000000
//-collider
COOBB Y 349.96020000 -84.64011000 -73.18801000 349.64120000 -84.64011000 -73.57305000 351.04570000 -84.64011000 -74.08726000 16.00000000
//-collider
COOBB Y 340.56470000 -82.39394000 -32.22591000 340.20290000 -82.39394000 -32.57108000 343.49660000 -82.39394000 -35.29870000 16.30931000
//-collider
COOBB Y 157.31950000 -101.72290000 -11.06782000 156.96800000 -101.72290000 -11.42340000 158.24350000 -101.72290000 -11.98129000 16.00000000
//-collider
COOBB Y 309.70450000 -78.45636000 -24.16536000 309.69380000 -78.45636000 -23.66548000 305.64260000 -78.45636000 -24.25228000 16.03915000
//-collider
COAABB Y 322.732 -93.757 -125.001 323.300 -77.757 -104.786
//-collider
COAABB Y 310.247 -93.757 -136.943 310.757 -77.757 -133.154
//collider
COOBB N 373.23980000 -82.08463000 -11.62144000 373.62500000 -82.08463000 -11.94021000 375.37620000 -82.08463000 -9.03979900 16.00000000
//-collider
COAABB Y 298.732 -93.592 35.790 299.254 -62.527 60.161
//collider
COAABB N 360.135 -84.559 56.028 367.926 -68.559 56.533
//collider
COOBB N 262.47290000 -94.31394000 -6.26721100 262.55560000 -94.31394000 -6.76033500 264.40610000 -94.31394000 -5.94324800 16.00000000
//-collider
COOBB Y 363.03020000 -84.64011000 74.29201000 362.70900000 -84.64011000 74.67521000 361.98990000 -84.64011000 73.42010000 16.00000000
//-collider
COOBB Y 260.43340000 -87.21027000 163.69860000 259.95700000 -87.21027000 163.54700000 261.09160000 -87.21027000 161.63060000 16.00000000
//-collider
COAABB Y 401.251 -82.085 5.320 418.352 -66.085 5.821
//-collider
COAABB Y 310.461 -94.314 -76.010 310.962 -78.314 -72.263
//-collider
COOBB Y 174.59130000 -96.62414000 22.25529000 174.91670000 -96.62414000 22.63487000 173.55060000 -96.62414000 23.14760000 16.00000000
//-collider
COAABB Y 333.874 -93.757 -134.386 334.456 -77.757 -114.734
//-collider
COAABB Y 296.951 -78.494 -3.997 297.451 -62.493 -1.992
//-collider
COAABB Y 340.065 -82.085 -32.226 340.565 -66.085 -28.005
//-collider
COOBB Y 399.83390000 -82.08463000 -6.73535800 400.19960000 -82.08463000 -7.07633500 401.16670000 -82.08463000 -5.30595800 16.00000000
//-collider
COOBB Y 286.58500000 -88.43869000 -135.67180000 286.22220000 -88.43869000 -136.01580000 291.00550000 -88.43869000 -140.33420000 16.00000000
//-collider
COOBB Y 175.50420000 -96.62414000 23.25456000 175.13510000 -96.62414000 23.59181000 174.59130000 -96.62414000 22.25530000 16.00000000
//-collider
COOBB Y 290.78530000 -88.43869000 -122.76710000 290.39690000 -88.43869000 -122.45220000 286.45490000 -88.43869000 -128.10710000 16.00000000
//-collider
COAABB Y 360.253 -94.259 -74.717 363.034 -78.259 -74.208
//-collider
COAABB Y 310.201 -93.757 133.216 310.719 -77.757 136.910
//-collider
COAABB Y 311.466 -78.487 2.017 311.966 -62.486 3.996
//-collider
COOBB Y 241.32370000 -93.75732000 -78.43536000 240.95710000 -93.75732000 -78.09537000 239.28670000 -93.75732000 -80.63171000 16.00000000
//-collider
COOBB Y 264.80130000 -87.21027000 150.22050000 265.11540000 -87.21027000 149.83150000 266.25910000 -87.21027000 151.39740000 16.00000000
//collider
COAACYLINDER N 304.500 -78.520 0.020 0.700 2.980
//collider
COOBB N 280.63850000 -94.31394000 14.48457000 280.64400000 -94.31394000 14.98454000 278.40250000 -94.31394000 14.50899000 16.00000000
//-collider
COOBB Y 307.94260000 -94.31394000 -79.83823000 308.42540000 -94.31394000 -79.96827000 308.44370000 -94.31394000 -77.97781000 16.00000000
//collider
COOBB N 377.65030000 -82.08463000 -10.67090000 378.03470000 -82.08463000 -10.99060000 382.16550000 -82.08463000 -5.24124500 16.00000000
//-collider
COAABB Y 310.399 -93.971 71.756 310.900 -77.971 75.699
//-collider
COOBB Y 249.60970000 -94.31394000 -23.04145000 249.31720000 -94.31394000 -23.44694000 250.65880000 -94.31394000 -23.79833000 16.00000000
//-collider
COOBB Y 263.70410000 -87.21027000 166.60950000 263.37160000 -87.21027000 166.98300000 260.43340000 -87.21027000 163.69860000 16.00000000
//-collider
COOBB Y 167.81670000 -98.86048000 10.93253000 168.16090000 -98.86048000 11.29524000 166.81460000 -98.86048000 11.88338000 16.00000000
//-collider
COOBB Y 352.65290000 -84.64011000 62.85951000 352.64650000 -84.64011000 62.35955000 355.17550000 -84.64011000 62.82722000 16.00000000
//-collider
COOBB Y 139.89320000 -101.72290000 5.42146000 139.49200000 -101.72290000 5.71982100 138.55850000 -101.72290000 3.62652300 16.00000000
//collider
COOBB N 352.72120000 -82.08463000 -13.75654000 352.38670000 -82.08463000 -14.12816000 357.08950000 -82.08463000 -17.68870000 16.00000000
//-collider
COOBB Y 364.01720000 -84.64011000 -63.57379000 364.33650000 -84.64011000 -63.18903000 363.06440000 -84.64011000 -62.78305000 16.00000000
//-collider
COOBB Y 306.44230000 -94.31394000 -92.28014000 306.91510000 -94.31394000 -92.44283000 307.99990000 -94.31394000 -87.75319000 16.00000000
//-collider
COOBB Y 309.72070000 -78.49551000 -6.02271800 310.09920000 -78.49551000 -6.34944400 311.46910000 -78.49551000 -3.99732700 16.00122000
//-collider
COOBB Y 397.58530000 -82.08463000 35.27259000 397.59110000 -82.08463000 35.77255000 388.81610000 -82.08463000 35.37442000 16.00000000
//-collider
COAABB Y 259.760 -94.314 -48.382 271.374 -78.314 -47.826
//-collider
COOBB Y 224.34500000 -93.44424000 -111.40380000 224.68590000 -93.44424000 -111.76960000 226.70950000 -93.44424000 -109.20030000 16.00000000
//-collider
COOBB Y 355.86130000 -84.64011000 -63.54480000 356.16030000 -84.64011000 -63.14409000 354.65410000 -84.64011000 -62.64384000 16.00000000
//-collider
COAABB Y 291.025 -94.314 -92.836 306.444 -78.314 -92.280
//collider
COOBB N 352.81660000 -82.08463000 8.75816500 353.14710000 -82.08463000 9.13340000 350.17070000 -82.08463000 11.08831000 16.00000000
//-collider
COOBB Y 262.28860000 -93.75732000 133.19120000 262.78740000 -93.75732000 133.22590000 262.04120000 -93.75732000 136.75040000 16.00000000
//-collider
COOBB Y 297.09120000 -78.51019000 -13.74104000 297.47710000 -78.51019000 -14.05890000 298.06500000 -78.51019000 -12.55856000 16.00489000
//collider
COOBB N 275.20870000 -94.31394000 -6.01056200 275.54800000 -94.31394000 -6.37775800 275.78360000 -94.31394000 -5.47920700 16.00000000
//-collider
COOBB Y 381.92810000 -94.25911000 -70.17392000 382.29150000 -94.25911000 -70.51733000 382.90010000 -94.25911000 -69.14529000 16.00000000
//-collider
COOBB Y 297.12000000 -78.49673000 -7.69789600 297.48220000 -78.49673000 -8.04259700 299.04240000 -78.49673000 -5.67801500 16.00122000
//-collider
COOBB Y 198.73630000 -93.44424000 -90.85645000 198.37490000 -93.44424000 -90.51087000 191.72480000 -93.44424000 -98.18764000 16.00000000
//-collider
COOBB Y 210.26510000 -96.62414000 -3.86738000 210.76500000 -96.62414000 -3.85753400 210.23900000 -96.62414000 -2.54404600 16.00000000
//-collider
COAABB Y 248.618 -94.314 -56.545 249.316 -78.314 -25.196
//-collider
COOBB Y 361.44640000 -84.55911000 48.25293000 361.80540000 -84.55911000 47.90493000 362.07450000 -84.55911000 48.90097000 16.00000000
//-collider
COOBB Y 276.29860000 -87.21027000 153.67230000 276.76830000 -87.21027000 153.84350000 275.61640000 -87.21027000 155.54400000 16.00000000
//-collider
COOBB Y 359.95650000 -84.64011000 -63.46486000 360.24830000 -84.64011000 -63.05889000 358.96010000 -84.64011000 -62.74852000 16.00000000
//-collider
COAABB Y 310.737 -93.757 -126.535 321.688 -77.757 -125.989
//-collider
COAABB Y 348.734 -82.085 -24.700 357.484 -66.085 -24.199
//-collider
COOBB Y 262.28860000 -93.75732000 -81.78553000 262.78730000 -93.75732000 -81.74881000 262.04120000 -93.75732000 -78.42529000 16.00000000
//collider
COOBB N 277.16060000 -94.31394000 -13.38911000 276.81730000 -94.31394000 -13.75262000 278.25310000 -94.31394000 -14.42087000 16.00000000
//-collider
COOBB Y 270.91440000 -87.21027000 143.64500000 271.41420000 -87.21027000 143.63250000 271.04310000 -87.21027000 148.77430000 16.00000000
//-collider
COAABB Y 399.773 -82.085 6.695 400.274 -66.085 23.764
//-collider
COAABB Y 167.852 -98.860 -10.912 168.372 -82.860 -6.861
//collider
COOBB N 260.83300000 -94.31394000 8.02144000 261.32220000 -94.31394000 8.12495600 260.49310000 -94.31394000 9.62739400 16.00000000
//collider
COOBB N 358.66780000 -84.55911000 -53.14753000 358.19880000 -84.55911000 -53.32074000 359.63150000 -84.55911000 -55.75729000 16.00000000
//collider
COAABB N 247.964 -94.314 -23.047 248.490 -78.314 -9.995
//collider
COOBB N 260.76620000 -94.31394000 -8.00101700 261.12250000 -94.31394000 -8.35178100 262.47300000 -94.31394000 -6.26720700 16.00000000
//-collider
COAABB Y 357.716 -93.757 89.676 358.270 -77.757 110.282
//-collider
COOBB Y 364.61010000 -84.64011000 62.65681000 364.61640000 -84.64011000 62.15685000 367.08970000 -84.64011000 62.68788000 16.00000000
//-collider
COOBB Y 184.62300000 -96.62414000 12.03476000 184.97460000 -96.62414000 11.67929000 185.61970000 -96.62414000 13.02069000 16.00000000
//-collider
COAABB Y 357.941 -93.757 -110.473 358.496 -77.757 -90.307
//-collider
COOBB Y 155.62260000 -101.72290000 -5.28767100 155.98770000 -101.72290000 -5.62930600 156.64700000 -101.72290000 -4.19292900 16.00000000
//-collider
COOBB Y 381.66390000 -84.64011000 70.56359000 381.94630000 -84.64011000 70.97621000 379.40840000 -84.64011000 72.10722000 16.00000000
//-collider
COOBB Y 213.10240000 -93.44424000 -125.78710000 213.55240000 -93.44424000 -126.00520000 214.45720000 -93.44424000 -122.99180000 16.00000000
//-collider
COOBB Y 270.78370000 -87.21027000 151.56930000 270.45710000 -87.21027000 151.19070000 272.28350000 -87.21027000 150.27560000 16.00000000
//-collider
COAABB Y 259.175 -94.314 -23.611 260.387 -78.314 -23.104
//-collider
COOBB Y 369.56320000 -82.08463000 47.52118000 369.54770000 -82.08463000 48.02094000 365.61680000 -82.08463000 47.39923000 16.00000000
//-collider
COOBB Y 350.06740000 -93.75732000 89.68887000 350.08540000 -93.75732000 89.18919000 351.31090000 -93.75732000 89.73345000 16.00000000
//-collider
COAABB Y 157.388 -101.723 23.150 167.546 -80.624 23.684
//-collider
COOBB Y 286.44040000 -93.97121000 79.58675000 286.06930000 -93.97121000 79.25167000 290.91610000 -93.97121000 74.62971000 16.00000000
//-collider
COAABB Y 359.027 -84.640 -74.633 361.031 -68.640 -74.130
//-collider
COOBB Y 310.52440000 -78.48817000 0.97678360 310.89500000 -78.48817000 0.64120570 311.46610000 -78.48817000 2.01696700 16.00122000
//-collider
COOBB Y 374.74250000 -94.25911000 -75.15371000 374.93230000 -94.25911000 -74.69111000 373.09160000 -94.25911000 -74.47659000 16.00000000
//-collider
COOBB Y 331.58850000 -93.75732000 78.28194000 331.96480000 -93.75732000 77.95274000 333.78160000 -93.75732000 80.78887000 16.00000000
//-collider
COOBB Y 175.24910000 -98.86048000 -10.80758000 174.87740000 -98.86048000 -11.14195000 176.28550000 -98.86048000 -11.95976000 16.00000000
//-collider
COOBB Y 297.45450000 -93.97121000 74.61378000 297.09870000 -93.97121000 74.26249000 300.34000000 -93.97121000 71.69131000 16.00000000
//-collider
COOBB Y 264.57410000 -94.31394000 -77.41013000 264.16200000 -94.31394000 -77.12688000 262.79210000 -94.31394000 -80.00224000 16.00000000
//-collider
COOBB Y 367.10710000 -84.64011000 -62.72797000 367.11940000 -84.64011000 -62.22812000 365.21190000 -84.64011000 -62.68134000 16.00000000
//-collider
COOBB Y 266.63380000 -88.09631000 143.23200000 266.62160000 -88.09631000 143.73190000 262.73070000 -88.09631000 143.13620000 16.00000000
//-collider
COOBB Y 224.42840000 -93.52811000 103.81440000 224.74890000 -93.52811000 103.43070000 226.70950000 -93.52811000 105.71940000 16.00000000
//-collider
COAABB Y 368.965 -84.640 -62.753 374.368 -68.640 -62.206
//collider
COOBB N 350.17070000 -82.08463000 11.08829000 349.80650000 -82.08463000 11.43091000 346.51290000 -82.08463000 7.20043900 16.00000000
//-collider
COOBB Y 282.75550000 -88.09631000 140.26860000 282.76180000 -88.09631000 140.76850000 274.44390000 -88.09631000 140.37320000 16.00000000
//-collider
COOBB Y 351.04570000 -84.64011000 -74.08730000 351.01980000 -84.64011000 -74.58662000 353.03340000 -84.64011000 -74.19020000 16.00000000
//-collider
COOBB Y 209.05290000 -96.62414000 -5.34211500 209.43910000 -96.62414000 -5.65962500 210.26510000 -96.62414000 -3.86738300 16.00000000
//-collider
COOBB Y 273.50710000 -94.31394000 -74.35208000 273.96710000 -94.31394000 -74.15601000 272.55760000 -94.31394000 -72.12454000 16.00000000
//-collider
COAABB Y 189.436 -93.444 -112.976 190.000 -77.444 -102.386
//-collider
COAABB Y 248.464 -94.314 -23.547 249.612 -78.314 -23.041
//collider
COOBB N 246.54780000 -94.31394000 6.37827100 246.46930000 -94.31394000 6.87206900 244.42540000 -94.31394000 6.04083300 16.00000000
//-collider
COAABB Y 189.477 -93.528 102.165 190.007 -77.528 112.661
//-collider
COOBB Y 345.00720000 -84.64011000 -74.20264000 345.34600000 -84.64011000 -74.57038000 346.00230000 -84.64011000 -73.28591000 16.00000000
//-collider
COAABB Y 185.650 -96.624 5.184 209.282 -80.624 5.726
//-collider
COOBB Y 278.19950000 -94.31394000 -74.77242000 278.24410000 -94.31394000 -74.27442000 273.50710000 -94.31394000 -74.35207000 16.00000000
//-collider
COAABB Y 310.247 -93.757 78.327 310.757 -77.757 81.876
//collider
COAABB N 248.444 -94.314 9.627 260.496 -78.314 10.182
//-collider
COOBB Y 363.26140000 -84.55911000 47.33347000 363.24580000 -84.55911000 47.83323000 359.14090000 -84.55911000 47.20538000 16.00000000
//-collider
COOBB Y 210.73640000 -94.31394000 -3.83035700 210.32440000 -94.31394000 -4.11368300 211.45940000 -94.31394000 -4.88170900 16.00000000
//-collider
COOBB Y 299.03240000 -78.48572000 5.56907700 299.40040000 -78.48572000 5.90757800 297.10050000 -78.48572000 7.66929600 16.00122000
//collider
COOBB N 260.51160000 -94.31394000 -9.99078400 261.00760000 -94.31394000 -10.05425000 260.76620000 -94.31394000 -8.00107500 16.00000000
//-collider
COOBB Y 401.25080000 -82.08463000 5.32000400 401.59140000 -82.08463000 5.68606200 399.77250000 -82.08463000 6.69546900 16.00000000
//-collider
COOBB Y 309.71480000 -78.20645000 23.85683000 309.69980000 -78.20645000 24.35661000 305.68350000 -78.20645000 23.73638000 16.02662000
//-collider
COOBB Y 308.42080000 -93.97121000 77.54440000 308.76810000 -93.97121000 77.18471000 310.31190000 -93.97121000 79.37038000 16.00000000
//-collider
COAABB Y 251.543 -94.314 -59.505 263.242 -78.314 -58.960
//-collider
COOBB Y 249.76120000 -93.75731000 124.52830000 250.09820000 -93.75731000 124.15900000 251.55250000 -93.75731000 126.16260000 16.02457000
//collider
COOBB N 246.45180000 -94.31394000 -6.34679700 246.08440000 -94.31394000 -6.68592000 247.92800000 -94.31394000 -7.94619100 16.00000000
//-collider
COOBB Y 247.49240000 -93.75732000 -112.83060000 247.84430000 -93.75732000 -113.18580000 249.71150000 -93.75732000 -110.63180000 16.00000000
//-collider
COOBB Y 361.12650000 -84.64011000 -62.74931000 360.86570000 -84.64011000 -62.32275000 359.95650000 -84.64011000 -63.46482000 16.00000000
//-collider
COOBB Y 380.70510000 -82.08463000 -23.80441000 380.20530000 -82.08463000 -23.79356000 380.66440000 -82.08463000 -25.68291000 16.00000000
//-collider
COAABB Y 380.705 -82.085 -23.805 384.276 -66.085 -23.304
//-collider
COAABB Y 337.077 -84.640 72.170 342.214 -68.640 72.682
//-collider
COOBB Y 184.68860000 -96.62414000 -12.05322000 185.06010000 -96.62414000 -12.38787000 185.77990000 -96.62414000 -10.84184000 16.00000000
//collider
COAABB N 347.745 -84.559 53.125 358.735 -68.559 53.636
//-collider
COOBB Y 290.62430000 -93.97121000 91.20306000 290.28940000 -93.97121000 91.57428000 286.45490000 -93.97121000 87.44095000 16.00000000
//-collider
COOBB Y 303.34140000 -78.53467000 23.76543000 303.34770000 -78.53467000 24.26539000 299.18320000 -78.53467000 23.81768000 16.00490000
//collider
COAABB N 347.693 -84.559 -61.820 348.223 -68.559 -53.144
//collider
COOBB N 281.78320000 -94.31394000 6.86072700 282.28320000 -94.31394000 6.85538300 281.85210000 -94.31394000 13.30178000 16.00000000
//-collider
COAABB Y 310.757 -93.757 -137.441 331.428 -77.757 -136.899
//collider
COOBB N 346.57200000 -82.08463000 -7.32040000 346.21900000 -82.08463000 -7.67453400 350.28810000 -82.08463000 -11.02423000 16.00000000
//-collider
COOBB Y 262.72200000 -88.09631000 139.33840000 262.36260000 -88.09631000 138.99090000 264.43420000 -88.09631000 137.56760000 16.00000000
//-collider
COOBB Y 201.99040000 -93.44424000 -91.97819000 202.15340000 -93.44424000 -91.50549000 198.73630000 -93.44424000 -90.85642000 16.00000000
//-collider
COOBB Y 241.46210000 -93.75732000 136.74030000 241.09170000 -93.75732000 137.07620000 239.22190000 -93.75732000 134.26960000 16.00000000
//-collider
COAABB Y 226.265 -93.528 109.342 226.767 -77.528 112.796
//-collider
COAABB Y 251.296 -93.757 88.741 262.299 -77.757 89.296
//-collider
COOBB Y 173.33720000 -98.86048000 12.82051000 173.67730000 -98.86048000 12.45401000 174.50500000 -98.86048000 13.90424000 16.00000000
//-collider
COOBB Y 333.58860000 -93.75732000 99.35483000 334.00800000 -93.75732000 99.08270000 335.50770000 -93.75732000 102.31310000 16.00000000
//-collider
COOBB Y 296.94120000 -78.49796000 -9.98965200 297.44100000 -78.49796000 -10.00016000 296.98230000 -78.49796000 -8.03210100 16.00122000
//-collider
COAABB Y 344.749 -82.085 -23.702 348.262 -66.085 -23.190
//-collider
COAABB Y 369.480 -84.559 -54.676 370.032 -68.559 -48.677
//-collider
COOBB Y 201.90370000 -93.52811000 122.93420000 202.04340000 -93.52811000 123.41420000 198.59320000 -93.52811000 123.89770000 16.00000000
//-collider
COOBB Y 353.03340000 -84.64011000 -74.19020000 353.36100000 -84.64011000 -74.56800000 354.06120000 -84.64011000 -73.29928000 16.00000000
//-collider
COOBB Y 384.30800000 -82.08463000 23.76563000 384.80770000 -82.08463000 23.78046000 384.25350000 -82.08463000 25.60028000 16.00000000
//-collider
COOBB Y 299.20130000 -93.38924000 -71.86243000 299.29020000 -93.38924000 -72.35446000 302.66240000 -93.38924000 -71.23700000 16.01479000
//-collider
COAABB Y 309.737 -93.757 -60.348 310.245 -62.535 -36.315
//-collider
COOBB Y 348.98390000 -84.64011000 74.23395000 348.99520000 -84.64011000 74.73383000 346.98040000 -84.64011000 74.27927000 16.00000000
//-collider
COAABB Y 310.562 -78.481 10.979 311.062 -62.478 12.973
//-collider
COOBB Y 217.56550000 -93.44424000 -124.19280000 217.95040000 -93.44424000 -124.51190000 225.55410000 -93.44424000 -114.55260000 16.00000000
//-collider
COOBB Y 374.06060000 -90.47253000 88.70493000 374.06550000 -90.47253000 89.20490000 355.39050000 -90.47253000 88.88751000 16.00000000
//-collider
COOBB Y 266.25910000 -87.21027000 151.39740000 265.87330000 -87.21027000 151.07930000 267.14510000 -87.21027000 150.32260000 16.00000000
//-collider
COOBB Y 373.37630000 -90.47253000 74.57304000 373.76870000 -90.47253000 74.26321000 374.02040000 -90.47253000 75.38892000 16.00000000
//-collider
COOBB Y 360.01430000 -84.64011000 63.59576000 359.70410000 -84.64011000 63.20366000 361.19310000 -84.64011000 62.66298000 16.00000000
//collider
COOBB N 357.25460000 -94.25911000 -80.92220000 357.24710000 -94.25911000 -80.42226000 348.96750000 -94.25911000 -81.04707000 16.00000000
//-collider
COOBB Y 355.48200000 -93.75732000 -112.76960000 355.82350000 -93.75732000 -113.13490000 357.94070000 -93.75732000 -110.47120000 16.00000000
//-collider
COAABB Y 291.005 -88.439 -140.860 306.220 -72.439 -140.334
//collider
COOBB N 260.38430000 -94.31394000 -23.10443000 260.88430000 -94.31394000 -23.10928000 260.51170000 -94.31394000 -9.99078300 16.00000000
//-collider
COOBB Y 198.59320000 -93.52811000 123.89770000 198.23880000 -93.52811000 124.25040000 191.76660000 -93.52811000 117.03940000 16.00000000
//-collider
COAABB Y 350.897 -84.640 74.154 352.930 -68.640 74.656
//-collider
COOBB Y 323.23200000 -93.75732000 -125.00100000 322.88500000 -93.75732000 -124.64100000 321.68830000 -93.75732000 -126.48930000 16.00000000
//-collider
COAABB Y 344.235 -82.085 23.784 344.748 -66.085 25.485
//-collider
COAABB Y 306.146 -93.971 71.223 310.404 -77.971 71.756
//-collider
COOBB Y 331.42690000 -93.75732000 -136.89850000 331.78520000 -93.75732000 -137.24720000 333.87380000 -93.75732000 -134.38430000 16.00000000
//-collider
COAABB Y 384.265 -82.085 -25.635 384.776 -66.085 -23.805
//-collider
COOBB Y 370.80780000 -94.25911000 -74.16967000 370.42510000 -94.25911000 -73.84789000 369.37030000 -94.25911000 -75.87926000 16.00000000
//collider
COAABB N 346.013 -82.085 -7.322 346.572 -66.085 7.200
//-collider
COAABB Y 310.827 -93.757 125.878 321.629 -77.757 126.445
//-collider
COAABB Y 333.700 -93.757 114.306 334.210 -77.757 134.265
//-collider
COOBB Y 262.28760000 -93.72046000 126.21170000 262.78750000 -93.72046000 126.22080000 262.22090000 -93.72046000 129.85020000 16.00613000
//-collider
COOBB Y 369.64690000 -83.32187000 -37.00051000 369.99440000 -83.32187000 -37.36007000 371.37630000 -83.32187000 -35.32947000 16.15466000
//-collider
COOBB Y 357.96990000 -84.64011000 73.42565000 358.27010000 -84.64011000 73.82554000 356.96140000 -84.64011000 74.18267000 16.00000000
//-collider
COAABB Y 342.185 -84.559 47.753 361.446 -68.559 48.261
//-collider
COOBB Y 356.96140000 -84.64011000 74.18268000 356.97260000 -84.64011000 74.68256000 355.02660000 -84.64011000 74.22617000 16.00000000
//collider
COOBB N 360.13560000 -84.55911000 56.02761000 359.82210000 -84.55911000 56.41716000 358.77680000 -84.55911000 54.93428000 16.00000000
//-collider
COAABB Y 298.712 -78.388 -36.083 299.226 -62.383 -24.317
//collider
COOBB N 375.37620000 -82.08463000 -9.03981400 375.08480000 -82.08463000 -9.44610700 377.65030000 -82.08463000 -10.67093000 16.00000000
//-collider
COOBB Y 344.72290000 -93.75732000 102.32210000 344.79180000 -93.75732000 101.82690000 346.24580000 -93.75732000 102.53430000 16.00000000
//-collider
COOBB Y 297.03400000 -78.52489000 -19.65672000 297.40620000 -78.52489000 -19.99053000 298.83540000 -78.52489000 -17.64793000 16.00979000
//-collider
COOBB Y 379.40840000 -84.64011000 72.10722000 379.40260000 -84.64011000 72.60719000 374.51570000 -84.64011000 72.05125000 16.00000000
//-collider
COOBB Y 363.86790000 -84.64011000 63.59789000 363.57350000 -84.64011000 63.19368000 365.15640000 -84.64011000 62.65972000 16.00000000
//-collider
COOBB Y 270.26860000 -94.31394000 -71.13214000 270.17550000 -94.31394000 -71.62340000 273.70950000 -94.31394000 -71.78429000 16.00000000
//-collider
COOBB Y 340.53210000 -82.08463000 27.57475000 340.18300000 -82.08463000 27.21675000 343.53650000 -82.08463000 24.64552000 16.00000000
//collider
COOBB N 283.13030000 -94.31394000 -5.46649500 282.74980000 -94.31394000 -5.79081100 283.53830000 -94.31394000 -5.94518200 16.00000000
//-collider
COOBB Y 210.21340000 -96.62414000 3.90399600 210.62220000 -96.62414000 4.19185000 209.28230000 -96.62414000 5.22639300 16.00000000
//-collider
COOBB Y 290.55860000 -94.31394000 -74.71459000 290.16070000 -94.31394000 -74.41180000 286.45490000 -94.31394000 -80.10709000 16.00000000
//-collider
COAABB Y 343.286 -82.085 35.461 357.808 -66.085 35.966
//-collider
COAABB Y 363.030 -84.640 74.292 370.827 -68.640 74.796
//-collider
COOBB Y 282.88410000 -88.43869000 -123.67590000 282.87920000 -88.43869000 -123.17590000 265.12960000 -88.43869000 -123.84890000 16.00000000
//-collider
COAABB Y 310.239 -93.757 85.224 310.741 -77.757 88.913
//-collider
COAABB Y 238.722 -93.757 114.255 239.226 -77.757 134.270
//-collider
COOBB Y 346.15440000 -84.55911000 -62.49318000 346.35150000 -84.55911000 -62.95268000 347.72290000 -84.55911000 -61.82030000 16.00000000
//-collider
COAABB Y 343.331 -82.085 -24.707 344.278 -66.085 -24.205
//-collider
COOBB Y 349.80230000 -94.25911000 -88.70087000 350.30230000 -94.25911000 -88.70565000 349.81200000 -94.25911000 -87.69129000 16.00000000
//-collider
COOBB Y 350.01350000 -84.64011000 73.44283000 350.31810000 -84.64011000 73.83930000 348.98400000 -84.64011000 74.23397000 16.00000000
//-collider
COAABB Y 374.789 -94.259 -72.747 379.986 -78.259 -72.231
//-collider
COOBB Y 369.48000000 -84.55911000 -48.68114000 369.51480000 -84.55911000 -48.18236000 366.75690000 -84.55911000 -48.49113000 16.00000000
//-collider
COOBB Y 368.96490000 -84.64011000 -62.70646000 368.62190000 -84.64011000 -62.34268000 367.98420000 -84.64011000 -63.63123000 16.00000000
//-collider
COOBB Y 374.33630000 -84.64011000 -64.77570000 374.83620000 -84.64011000 -64.78255000 374.36400000 -84.64011000 -62.75331000 16.00000000
//-collider
COOBB Y 167.85200000 -98.86048000 -6.86324100 168.20150000 -98.86048000 -6.50565500 166.89960000 -98.86048000 -5.93242500 16.00000000
//-collider
COOBB Y 217.24970000 -93.52811000 90.55489000 217.63480000 -93.52811000 90.23594000 225.81200000 -93.52811000 100.89170000 16.00000000
//-collider
COAABB Y 169.562 -96.624 -23.678 173.540 -80.624 -23.166
//-collider
COOBB Y 166.89960000 -98.86048000 -5.93246400 167.27040000 -98.86048000 -6.26794600 167.85370000 -98.86048000 -4.87814200 16.00000000
//-collider
COOBB Y 271.40910000 -87.21027000 165.95810000 271.87560000 -87.21027000 166.13780000 270.68680000 -87.21027000 167.83260000 16.00000000
//-collider
COAABB Y 346.918 -93.757 89.643 347.448 -77.757 101.396
//-collider
COOBB Y 157.35670000 -101.72290000 10.85652000 156.85670000 -101.72290000 10.86180000 157.31840000 -101.72290000 7.23804800 16.00000000
//collider
COOBB N 264.48330000 -94.31394000 5.98243800 264.57970000 -94.31394000 6.47306700 262.55280000 -94.31394000 6.36155800 16.00000000
//-collider
COAABB Y 348.762 -82.085 24.162 380.302 -66.085 24.670
//-collider
COOBB Y 174.50500000 -96.62414000 -22.30475000 174.16340000 -96.62414000 -22.66983000 175.45130000 -96.62414000 -23.19025000 16.00000000
//-collider
COOBB Y 354.06120000 -84.64011000 -73.29926000 353.74460000 -84.64011000 -73.68630000 355.11690000 -84.64011000 -74.16273000 16.00000000
//-collider
COOBB Y 357.04670000 -84.64011000 -62.73587000 356.76480000 -84.64011000 -62.32287000 355.86130000 -84.64011000 -63.54483000 16.00000000
//-collider
COAABB Y 262.260 -93.757 78.185 262.782 -77.757 81.870
//-collider
COOBB Y 158.41960000 -101.72290000 6.13959000 158.05560000 -101.72290000 6.48238100 156.72170000 -101.72290000 4.33664900 16.00000000
//-collider
COOBB Y 311.42420000 -78.52489000 -19.99052000 311.78740000 -78.52489000 -19.64690000 309.52380000 -78.52489000 -17.98173000 16.00979000
//-collider
COAABB Y 374.020 -90.473 75.387 374.561 -74.473 88.705
//-collider
COOBB Y 367.89980000 -84.64011000 63.59661000 367.58180000 -84.64011000 63.21082000 368.97050000 -84.64011000 62.71396000 16.00000000
//-collider
COOBB Y 342.82420000 -84.64011000 -74.23215000 342.83100000 -84.64011000 -74.73211000 345.00720000 -84.64011000 -74.20267000 16.00000000
//collider
COOBB N 281.85200000 -94.31394000 13.30175000 282.20100000 -94.31394000 13.65978000 280.63860000 -94.31394000 14.48460000 16.00000000
//collider
COOBB N 278.40260000 -94.31394000 14.50898000 278.05490000 -94.31394000 14.86833000 277.13620000 -94.31394000 13.28383000 16.00000000
//collider
COAABB N 283.537 -94.314 -6.451 285.433 -78.314 -5.945
//-collider
COOBB Y 262.51720000 -94.31394000 -72.29559000 262.01740000 -94.31394000 -72.30993000 262.60860000 -94.31394000 -75.47923000 16.00000000
//-collider
COOBB Y 299.20470000 -94.31394000 -74.42822000 299.18030000 -94.31394000 -73.92881000 294.82760000 -94.31394000 -74.64141000 16.00000000
//-collider
COOBB Y 297.08240000 -78.47655000 16.11905000 297.46520000 -78.47655000 15.79737000 298.87540000 -78.47655000 18.25262000 16.00061000
//-collider
COAABB Y 346.872 -90.473 83.893 347.403 -74.473 88.638
//-collider
COOBB Y 211.50040000 -94.31394000 4.73684900 211.12040000 -94.31394000 5.06181800 210.66260000 -94.31394000 3.75709100 16.00000000
//-collider
COAABB Y 371.376 -83.940 -35.831 397.080 -67.322 -35.329
//-collider
COOBB Y 369.88640000 -82.08463000 36.72190000 370.38610000 -82.08463000 36.73685000 369.56320000 -82.08463000 47.52117000 16.00000000
//-collider
COOBB Y 310.47880000 -78.50041000 -11.05519000 310.84520000 -78.50041000 -11.39552000 311.45900000 -78.50041000 -10.00014000 16.00245000
//-collider
COOBB Y 289.74770000 -88.09631000 139.23730000 289.36760000 -88.09631000 139.56210000 286.45490000 -88.09631000 135.38380000 16.00000000
//-collider
COOBB Y 167.86910000 -98.86048000 7.01170700 168.36910000 -98.86048000 7.01838400 167.81670000 -98.86048000 10.93254000 16.00000000
//-collider
COAABB Y 296.965 -78.477 14.033 297.466 -62.477 15.797
//collider
COOBB N 248.18780000 -94.31394000 8.07006500 247.82880000 -94.31394000 8.41807700 246.54780000 -94.31394000 6.37827800 16.00000000
//-collider
COOBB Y 333.78160000 -93.75732000 80.78889000 334.28160000 -93.75732000 80.79408000 333.58860000 -93.75732000 99.35481000 16.00000000
//-collider
COAABB Y 296.966 -78.513 -16.008 297.477 -62.510 -14.056
//-collider
COAABB Y 169.542 -96.624 23.148 173.551 -80.624 23.648
//-collider
COAABB Y 309.705 -78.535 -36.315 310.237 -62.456 -24.164
//-collider
COOBB Y 158.24350000 -101.72290000 -11.98130000 157.86390000 -101.72290000 -11.65593000 157.30690000 -101.72290000 -13.07414000 16.00000000
//-collider
COAABB Y 290.624 -93.971 91.203 306.135 -77.971 91.712
//-collider
COAABB Y 298.042 -78.481 10.979 298.543 -62.478 12.973
//-collider
COOBB Y 286.44040000 -88.09631000 127.52970000 286.10170000 -88.09631000 127.16180000 291.39190000 -88.09631000 122.97160000 16.00000000
//collider
COOBB N 275.39910000 -94.31394000 5.84529600 275.40540000 -94.31394000 6.34525600 264.48330000 -94.31394000 5.98244100 16.00000000
//-collider
COOBB Y 335.37120000 -93.75732000 112.67850000 335.72110000 -93.75732000 113.03560000 333.71000000 -93.75732000 114.30620000 16.00000000
//-collider
COOBB Y 369.23230000 -90.47253000 75.19029000 369.07870000 -90.47253000 74.71446000 370.48960000 -90.47253000 74.78447000 16.00000000
//-collider
COOBB Y 264.43420000 -88.09631000 137.56760000 264.04180000 -88.09631000 137.87750000 262.79210000 -88.09631000 135.48870000 16.00000000
//-collider
COOBB Y 352.01930000 -84.55911000 -63.56712000 352.33870000 -84.55911000 -63.18247000 350.90230000 -84.55911000 -62.63946000 16.00000000
//-collider
COAABB Y 298.005 -78.491 -1.053 298.506 -62.488 0.977
//-collider
COOBB Y 357.96240000 -84.64011000 -73.28873000 357.65270000 -84.64011000 -73.68125000 359.02820000 -84.64011000 -74.12963000 16.00000000
//-collider
COOBB Y 309.73690000 -78.53467000 -23.72749000 310.09070000 -78.53467000 -24.08080000 311.42620000 -78.53467000 -22.03581000 16.00490000
//-collider
COAABB Y 238.733 -93.757 80.493 239.249 -77.757 100.603
//-collider
COAABB Y 358.897 -84.640 74.262 360.967 -68.640 74.779
//collider
COOBB N 357.25760000 -90.47253000 80.92418000 357.72990000 -90.47253000 80.75996000 358.26230000 -90.47253000 83.81356000 16.00000000
//-collider
COOBB Y 225.30080000 -93.44424000 -100.87060000 225.69140000 -93.44424000 -100.55840000 217.49880000 -93.44424000 -91.10700000 16.00000000
//-collider
COAABB Y 337.131 -84.559 64.383 342.100 -68.559 64.923
//-collider
COOBB Y 399.80140000 -83.32187000 -24.31335000 400.30120000 -83.32187000 -24.32679000 399.81310000 -83.32187000 -23.87747000 16.92793000
//collider
COAABB N 356.948 -82.085 17.607 371.685 -66.085 18.142
//-collider
COAABB Y 388.609 -82.085 -24.680 389.129 -66.085 -6.731
//-collider
COOBB Y 346.98030000 -84.64011000 74.27928000 346.66490000 -84.64011000 74.66726000 345.87610000 -84.64011000 73.38160000 16.00000000
//-collider
COAABB Y 249.712 -93.757 -110.633 250.261 -77.757 -90.983
//-collider
COAABB Y 185.615 -96.624 13.021 186.120 -80.624 23.201
//-collider
COAABB Y 169.503 -98.860 -12.748 173.429 -82.860 -12.245
//-collider
COOBB Y 168.46530000 -98.86048000 -13.73609000 168.83210000 -98.86048000 -13.39634000 166.83600000 -98.86048000 -11.97698000 16.00000000
//-collider
COOBB Y 298.09940000 -78.50041000 -11.40241000 298.45920000 -78.50041000 -11.05520000 297.08120000 -78.50041000 -10.34736000 16.00245000
//-collider
COOBB Y 203.31800000 -93.52811000 125.64000000 202.87490000 -93.52811000 125.87160000 201.90370000 -93.52811000 122.93420000 16.00000000
//collider
COOBB N 275.80800000 -94.31394000 5.38067300 276.18330000 -94.31394000 5.71097100 275.39920000 -94.31394000 5.84527300 16.00000000
//-collider
COOBB Y 379.98410000 -94.25911000 -72.23121000 380.34750000 -94.25911000 -72.57461000 381.92810000 -94.25911000 -70.17390000 16.00000000
//-collider
COOBB Y 343.69710000 -84.64011000 -62.48430000 343.25580000 -84.64011000 -62.24915000 342.39110000 -84.64011000 -64.93478000 16.00000000
//-collider
COOBB Y 355.99330000 -84.64011000 63.62771000 355.65950000 -84.64011000 63.25547000 357.14720000 -84.64011000 62.59295000 16.00000000
//-collider
COAABB Y 241.324 -93.757 -78.435 262.041 -77.757 -77.925
//-collider
COOBB Y 297.09810000 -78.48634000 4.35371400 297.44780000 -78.48634000 3.99639100 299.05070000 -78.48634000 6.26490000 16.00061000
//-collider
COAABB Y 241.462 -93.757 136.740 262.041 -77.757 137.250
//-collider
COOBB Y 269.77720000 -87.21027000 150.27830000 270.17150000 -87.21027000 149.97090000 270.78370000 -87.21027000 151.56930000 16.00000000
//-collider
COAABB Y 139.792 -101.723 -5.854 155.625 -85.723 -5.288
//-collider
COOBB Y 363.01010000 -84.64011000 62.67761000 363.37580000 -84.64011000 62.33670000 363.86780000 -84.64011000 63.59787000 16.00000000
//-collider
COOBB Y 261.09160000 -87.21027000 161.63060000 260.90130000 -87.21027000 162.09300000 259.55060000 -87.21027000 160.99630000 16.00000000
//-collider
COOBB Y 373.69120000 -84.64011000 62.46075000 374.16160000 -84.64011000 62.29109000 374.57860000 -84.64011000 64.92067000 16.00000000
//collider
COOBB N 368.59270000 -94.25911000 -74.23489000 368.60740000 -94.25911000 -74.73468000 370.80770000 -94.25911000 -74.16965000 16.00000000
//-collider
COOBB Y 169.45360000 -98.86048000 12.87414000 169.44670000 -98.86048000 12.37418000 173.33720000 -98.86048000 12.82052000 16.00000000
//-collider
COOBB Y 299.25620000 -78.53467000 -24.12089000 299.56480000 -78.53467000 -23.72750000 297.09960000 -78.53467000 -22.42915000 16.00490000
//-collider
COAABB Y 298.701 -93.419 -71.862 299.205 -77.389 -60.190
//-collider
COOBB Y 191.72490000 -93.44424000 -98.18764000 191.25510000 -93.44424000 -98.35883000 192.80200000 -93.44424000 -101.14360000 16.00000000
//-collider
COOBB Y 273.26480000 -87.21027000 166.70220000 273.07870000 -87.21027000 167.16630000 271.40900000 -87.21027000 165.95810000 16.00000000
//-collider
COOBB Y 259.37380000 -87.21027000 156.62970000 259.15500000 -87.21027000 156.18010000 261.29790000 -87.21027000 155.69300000 16.00000000
//-collider
COAABB Y 310.739 -93.757 88.825 321.692 -77.757 89.413
//-collider
COAABB Y 310.471 -78.505 -12.879 310.979 -62.500 -11.055
//-collider
COOBB Y 337.13450000 -84.64011000 -72.09662000 337.12860000 -84.64011000 -72.59659000 342.27790000 -84.64011000 -72.15686000 16.00000000
//-collider
COAABB Y 310.756 -93.757 77.782 331.589 -77.757 78.329
//collider
COOBB N 247.92800000 -94.31394000 -7.94621300 247.44580000 -94.31394000 -8.07834600 248.48970000 -94.31394000 -9.99596400 16.00000000
//collider
COOBB N 352.92460000 -82.08463000 13.94267000 352.56510000 -82.08463000 13.59514000 355.40400000 -82.08463000 11.37788000 16.00000000
//-collider
COAABB Y 290.784 -88.439 -122.767 306.541 -72.439 -122.218
//-collider
COOBB Y 310.39940000 -93.97121000 75.69901000 310.74040000 -93.97121000 76.06466000 308.42070000 -93.97121000 77.54438000 16.00000000
//-collider
COOBB Y 381.74270000 -84.64011000 66.99581000 382.24260000 -84.64011000 67.00684000 381.66390000 -84.64011000 70.56362000 16.00000000
//-collider
COOBB Y 299.25420000 -93.53487000 71.69071000 299.26420000 -93.53487000 71.19082000 302.77720000 -93.53487000 71.76112000 16.02850000
//collider
COOBB N 356.94900000 -82.08463000 17.60653000 356.61240000 -82.08463000 17.97626000 352.92460000 -82.08463000 13.94269000 16.00000000
//-collider
COOBB Y 262.28760000 -93.72046000 -89.29971000 262.78750000 -93.72046000 -89.29165000 262.22090000 -93.72046000 -85.16724000 16.00613000
//-collider
COOBB Y 309.52390000 -78.51509000 -17.98171000 309.87860000 -78.51509000 -18.33407000 311.48430000 -78.51509000 -16.00806000 16.00245000
//-collider
COOBB Y 358.90130000 -84.64011000 74.26200000 358.56720000 -84.64011000 74.63403000 357.96990000 -84.64011000 73.42564000 16.00000000
//-collider
COAABB Y 311.469 -78.494 -3.997 311.969 -62.493 -1.992
//-collider
COOBB Y 286.45490000 -93.97121000 87.44093000 286.81300000 -93.97121000 87.78981000 282.70060000 -93.97121000 91.29530000 16.00000000
//-collider
COOBB Y 361.03100000 -84.64011000 -74.13293000 361.34420000 -84.64011000 -74.52271000 362.04270000 -84.64011000 -73.32010000 16.00000000
//-collider
COOBB Y 297.12630000 -78.48328000 10.33760000 297.46800000 -78.48328000 9.97261000 298.20110000 -78.48328000 11.34395000 16.00244000
//-collider
COOBB Y 259.55060000 -87.21027000 160.99630000 259.05100000 -87.21027000 161.01650000 259.37380000 -87.21027000 156.62970000 16.00000000
//collider
COOBB N 382.16550000 -82.08463000 -5.24121600 382.15270000 -82.08463000 -5.74105300 388.37460000 -82.08463000 -5.40009100 16.00000000
//-collider
COOBB Y 353.95230000 -84.64011000 73.32880000 354.26620000 -84.64011000 73.71796000 352.92970000 -84.64011000 74.15375000 16.00000000
//-collider
COAABB Y 341.700 -84.640 72.167 342.213 -68.640 74.233
//-collider
COOBB Y 347.80890000 -84.55911000 62.01260000 348.00630000 -84.55911000 62.47199000 346.08670000 -84.55911000 62.75253000 16.00000000
//collider
COOBB N 375.36070000 -82.08463000 12.95944000 375.75400000 -82.08463000 13.26818000 371.68460000 -82.08463000 17.64240000 16.00000000
//-collider
COOBB Y 249.76120000 -93.75731000 -90.98309000 250.09820000 -93.75731000 -91.35245000 251.55250000 -93.75731000 -89.34875000 16.02457000
//-collider
COOBB Y 311.46580000 -78.48634000 3.99635100 311.83470000 -78.48634000 4.33391900 309.71660000 -78.48634000 5.90759800 16.00061000
//-collider
COOBB Y 217.49890000 -93.44424000 -91.10701000 217.32280000 -93.44424000 -90.63905000 214.77560000 -93.44424000 -92.13179000 16.00000000
//-collider
COOBB Y 274.44390000 -88.09631000 140.37320000 274.83400000 -88.09631000 140.68600000 272.24190000 -88.09631000 143.11910000 16.00000000
//collider
COOBB N 244.37930000 -94.31394000 -6.05678000 244.31000000 -94.31394000 -6.55195400 246.45180000 -94.31394000 -6.34681900 16.00000000
//-collider
COOBB Y 174.50500000 -98.86048000 13.90423000 174.14340000 -98.86048000 13.55886000 176.33400000 -98.86048000 11.98948000 16.00000000
//-collider
COAABB Y 264.471 -88.439 -139.344 264.982 -72.439 -135.906
//-collider
COAABB Y 310.524 -78.491 -1.052 311.025 -62.488 0.977
//-collider
COOBB Y 311.48600000 -78.48328000 9.97260800 311.85430000 -78.48328000 10.31069000 310.56240000 -78.48328000 10.97895000 16.00244000
//-collider
COAABB Y 298.705 -94.314 -74.428 299.218 -78.314 -71.608
//-collider
COOBB Y 379.84190000 -84.64011000 -65.06404000 379.85310000 -84.64011000 -64.56416000 374.44840000 -84.64011000 -64.94337000 16.00000000
//collider
COOBB N 277.15160000 -94.31394000 6.81322700 276.78690000 -94.31394000 7.15528000 275.80800000 -94.31394000 5.38067000 16.00000000
//-collider
COOBB Y 286.45490000 -88.09631000 135.38380000 286.85350000 -88.09631000 135.68570000 282.75560000 -88.09631000 140.26860000 16.00000000
//-collider
COOBB Y 367.08970000 -84.64011000 62.68790000 367.46290000 -84.64011000 62.35516000 367.89990000 -84.64011000 63.59663000 16.00000000
//-collider
COAABB Y 311.488 -78.466 20.151 311.990 -62.461 22.176
//collider
COAABB N 368.732 -90.473 75.190 369.247 -74.473 83.924
//-collider
COOBB Y 373.09170000 -94.25911000 -74.47659000 373.48950000 -94.25911000 -74.77949000 374.78930000 -94.25911000 -72.24703000 16.00000000
//-collider
COAABB Y 368.971 -84.640 62.214 374.143 -68.640 62.723
//-collider
COOBB Y 298.19100000 -78.47838000 12.61660000 298.54190000 -78.47838000 12.97284000 297.11460000 -78.47838000 13.67676000 16.00122000
//-collider
COOBB Y 214.51980000 -93.52811000 91.98782000 214.28740000 -93.52811000 91.54510000 217.24970000 -93.52811000 90.55488000 16.00000000
//-collider
COOBB Y 266.21850000 -87.21027000 167.90000000 265.75160000 -87.21027000 168.07880000 265.49320000 -87.21027000 166.00590000 16.00000000
//-collider
COAABB Y 174.749 -98.860 -10.808 175.263 -82.860 10.982
//-collider
COAABB Y 296.970 -78.466 20.150 297.472 -62.461 22.176
//-collider
COOBB Y 273.85680000 -94.31394000 -50.53548000 274.18920000 -94.31394000 -50.16194000 271.37400000 -94.31394000 -48.32631000 16.00000000
//-collider
COAABB Y 175.504 -96.624 23.201 185.617 -80.624 23.755
//-collider
COOBB Y 337.41200000 -84.64011000 -64.91921000 337.09120000 -84.64011000 -64.53564000 335.34420000 -84.64011000 -66.64823000 16.00000000
//-collider
COOBB Y 351.88700000 -84.55911000 63.69233000 351.53460000 -84.55911000 63.33760000 353.07210000 -84.55911000 62.51509000 16.00000000
//collider
COAABB N 285.433 -94.314 -5.953 285.979 -78.314 5.964
//-collider
COAABB Y 311.483 -78.477 14.033 311.984 -62.477 15.797
//-collider
COAABB Y 374.743 -94.259 -88.842 375.280 -78.259 -75.152
//-collider
COAABB Y 401.165 -82.085 -5.865 418.306 -66.085 -5.306
//-collider
COAABB Y 366.346 -83.090 -47.789 369.622 -67.080 -47.284
//-collider
COOBB Y 343.53650000 -82.08463000 24.64552000 343.54210000 -82.08463000 24.14555000 344.25410000 -82.08463000 24.65358000 16.00000000
//-collider
COOBB Y 265.49310000 -87.21027000 166.00590000 265.65300000 -87.21027000 166.47970000 263.70410000 -87.21027000 166.60950000 16.00000000
//-collider
COOBB Y 237.81560000 -93.75732000 -102.59510000 237.80050000 -93.75732000 -102.09530000 226.73760000 -93.75732000 -102.93000000 16.00000000
//-collider
COOBB Y 310.56140000 -78.47838000 12.97283000 310.93870000 -78.47838000 12.64472000 311.48340000 -78.47838000 14.03299000 16.00122000
//-collider
COOBB Y 311.50020000 -78.49673000 -8.04261300 311.87530000 -78.49673000 -7.71210000 309.72070000 -78.49673000 -6.02273300 16.00122000
//-collider
COAABB Y 369.574 -84.559 48.514 370.103 -68.559 54.295
//collider
COOBB N 369.35310000 -94.25911000 -83.88129000 369.36170000 -94.25911000 -83.38137000 358.41960000 -94.25911000 -83.69477000 16.00000000
//-collider
COOBB Y 265.12950000 -88.43869000 -123.84890000 264.62960000 -88.43869000 -123.83650000 265.02330000 -88.43869000 -128.14300000 16.00000000
//-collider
COOBB Y 347.13460000 -93.75732000 -101.23900000 346.79170000 -93.75732000 -100.87520000 345.75500000 -93.75732000 -102.53950000 16.00000000
//collider
COAABB N 348.583 -90.473 80.397 357.259 -74.473 80.924
//-collider
COOBB Y 275.61640000 -87.21027000 155.54400000 275.83650000 -87.21027000 155.09510000 277.59880000 -87.21027000 156.51590000 16.00000000
//-collider
COAABB Y 264.982 -88.439 -139.842 282.050 -72.439 -139.205
//-collider
COOBB Y 250.71870000 -94.31394000 -24.20536000 250.42970000 -94.31394000 -23.79739000 249.31600000 -94.31394000 -25.19923000 16.00000000
//-collider
COAABB Y 210.210 -96.624 2.232 210.713 -80.624 3.904
//-collider
COAABB Y 325.428 -93.757 -102.540 345.757 -77.757 -101.961
//-collider
COOBB Y 342.10000000 -84.55911000 64.88290000 341.70010000 -84.55911000 64.58270000 343.89240000 -84.55911000 62.49536000 16.00000000
//-collider
COAABB Y 361.127 -84.640 -62.761 363.085 -68.640 -62.249
//-collider
COOBB Y 311.48320000 -78.47655000 15.79736000 311.85580000 -78.47655000 16.13074000 309.57440000 -78.47655000 17.93093000 16.00061000
//-collider
COAABB Y 185.641 -96.624 5.184 186.151 -80.624 11.097
//-collider
COOBB Y 271.04310000 -87.21027000 148.77430000 271.42560000 -87.21027000 149.09630000 269.77720000 -87.21027000 150.27820000 16.00000000
//-collider
COOBB Y 282.70060000 -93.97121000 91.29530000 282.70500000 -93.97121000 91.79528000 265.81420000 -93.97121000 91.44535000 16.00000000
//-collider
COOBB Y 191.76000000 -93.44424000 -116.84250000 191.40510000 -93.44424000 -117.19460000 199.16470000 -93.44424000 -124.30600000 16.00000000
//-collider
COAABB Y 342.228 -84.559 -62.694 343.887 -68.559 -62.183
//-collider
COOBB Y 369.60300000 -84.55911000 54.29459000 369.96290000 -84.55911000 54.64172000 367.92600000 -84.55911000 56.03324000 16.00000000
//-collider
COOBB Y 192.71220000 -93.52811000 101.07630000 192.22850000 -93.52811000 101.20310000 191.89000000 -93.52811000 97.93819000 16.00000000
//-collider
COOBB Y 225.81200000 -93.52811000 100.89160000 226.26400000 -93.52811000 101.10560000 224.42850000 -93.52811000 103.81440000 16.00000000
//-collider
COOBB Y 251.29900000 -93.75732000 88.74075000 251.64280000 -93.75732000 89.10378000 249.66180000 -93.75732000 90.29134000 16.00000000
//-collider
COOBB Y 294.82750000 -94.31394000 -74.64137000 294.81900000 -94.31394000 -74.14144000 290.55860000 -94.31394000 -74.71461000 16.00000000
//-collider
COOBB Y 351.38390000 -93.75732000 -89.65108000 351.32200000 -93.75732000 -89.15492000 347.16260000 -93.75732000 -90.17751000 16.00000000
//-collider
COAABB Y 202.804 -93.444 -88.993 213.132 -77.444 -88.471
//-collider
COOBB Y 344.74780000 -82.08463000 23.78806000 344.75480000 -82.08463000 23.28811000 348.30770000 -82.08463000 23.83790000 16.00000000
//-collider
COOBB Y 266.26160000 -93.97121000 91.66122000 265.87930000 -93.97121000 91.98350000 262.79210000 -93.97121000 87.54577000 16.00000000
//collider
COOBB N 375.39300000 -82.08463000 8.84173800 375.76720000 -82.08463000 9.17343800 373.21770000 -82.08463000 11.29531000 16.00000000
//-collider
COOBB Y 276.35350000 -87.21027000 163.64110000 276.70540000 -87.21027000 163.99620000 273.26480000 -87.21027000 166.70220000 16.00000000
//-collider
COOBB Y 335.29860000 -84.64011000 -70.58631000 334.98100000 -84.64011000 -70.97245000 337.13450000 -84.64011000 -72.09655000 16.00000000
//-collider
COOBB Y 213.29940000 -93.52811000 89.10323000 213.75990000 -93.52811000 88.90839000 214.51980000 -93.52811000 91.98782000 16.00000000
//-collider
COOBB Y 362.07450000 -84.55911000 48.90100000 361.67590000 -84.55911000 48.59917000 363.26140000 -84.55911000 47.33347000 16.00000000
//-collider
COOBB Y 191.76660000 -93.52811000 117.03940000 191.29430000 -93.52811000 116.87550000 192.79490000 -93.52811000 114.07690000 16.00000000
//-collider
COAABB Y 157.332 -101.723 -23.650 167.560 -80.624 -23.133
//collider
COOBB N 283.82530000 -94.31394000 5.97259400 283.54540000 -94.31394000 6.38687300 283.11800000 -94.31394000 5.49456600 16.00000000
//-collider
COOBB Y 382.90010000 -94.25911000 -69.14527000 383.26350000 -94.25911000 -69.48870000 383.38620000 -94.25911000 -68.63096000 16.00000000
//-collider
COOBB Y 343.89250000 -84.55911000 62.49534000 343.90100000 -84.55911000 62.99526000 342.15660000 -84.55911000 62.52497000 16.00000000
//-collider
COOBB Y 311.46870000 -78.49306000 -1.99210200 311.82160000 -78.49306000 -1.63787300 310.52550000 -78.49306000 -1.05246500 16.00245000
//collider
COAABB N 382.131 -82.085 5.171 388.542 -66.085 5.677
//-collider
COAABB Y 251.553 -93.733 -89.849 262.290 -77.720 -89.300
//-collider
COOBB Y 190.00040000 -93.44424000 -112.97260000 189.85990000 -93.44424000 -113.45240000 192.74890000 -93.44424000 -113.77740000 16.00000000
//-collider
COOBB Y 298.83270000 -78.51509000 -18.31252000 299.20760000 -78.51509000 -17.98172000 297.09130000 -78.51509000 -16.33887000 16.00245000
//collider
COOBB N 358.41960000 -94.25911000 -83.69478000 358.88050000 -94.25911000 -83.50110000 357.25460000 -94.25911000 -80.92221000 16.00000000
//-collider
COAABB Y 262.742 -94.314 -71.744 263.293 -78.314 -59.005
//-collider
COOBB Y 226.76520000 -93.44424000 -105.79660000 227.10020000 -93.44424000 -105.42540000 224.50910000 -93.44424000 -103.76010000 16.00000000
//-collider
COOBB Y 366.83570000 -84.55911000 48.90532000 366.76530000 -84.55911000 48.41029000 369.57400000 -84.55911000 48.51616000 16.00000000
//-collider
COOBB Y 309.57440000 -78.47594000 17.93094000 309.95290000 -78.47594000 17.60425000 311.49010000 -78.47594000 20.15057000 16.00979000
//-collider
COOBB Y 388.37450000 -82.08463000 -5.40011900 387.93940000 -82.08463000 -5.64644700 389.12860000 -82.08463000 -6.73200200 16.00000000
//-collider
COAABB Y 309.700 -78.260 24.354 310.259 -62.206 35.573
//-collider
COAABB Y 388.730 -82.085 6.854 389.253 -66.085 24.702
//-collider
COAABB Y 296.948 -78.487 2.017 297.448 -62.486 3.996
//collider
COAABB N 281.783 -94.314 -13.134 282.312 -78.314 -6.938
//-collider
COOBB Y 168.58510000 -98.86048000 13.72172000 168.23590000 -98.86048000 13.36389000 169.45360000 -98.86048000 12.87414000 16.00000000
//-collider
COOBB Y 267.14500000 -87.21027000 150.32260000 266.75700000 -87.21027000 150.63800000 265.94270000 -87.21027000 148.84320000 16.00000000
//-collider
COOBB Y 347.37160000 -90.47253000 83.89262000 346.90800000 -90.47253000 83.70523000 348.58260000 -90.47253000 80.89673000 16.00000000
//-collider
COAABB Y 262.294 -93.757 85.232 262.799 -77.757 88.796
//-collider
COAABB Y 273.710 -94.314 -71.788 274.357 -78.314 -50.535
//-collider
COAABB Y 296.906 -78.530 -22.036 297.408 -62.525 -19.991
//-collider
COOBB Y 323.23200000 -93.75732000 90.62572000 322.85240000 -93.75732000 90.95116000 321.68830000 -93.75732000 88.82506000 16.00000000
//-collider
COOBB Y 340.58710000 -82.08463000 32.11137000 340.08720000 -82.08463000 32.11744000 340.53210000 -82.08463000 27.57476000 16.00000000
//-collider
COAABB Y 384.773 -82.085 24.200 389.230 -66.085 24.702
//-collider
COAABB Y 399.813 -82.394 -23.878 400.334 -66.085 -6.735
//-collider
COOBB Y 261.29800000 -87.21027000 155.69300000 260.82930000 -87.21027000 155.86730000 260.65100000 -87.21027000 153.95290000 16.00000000
//-collider
COOBB Y 169.54200000 -96.62414000 23.14778000 169.19950000 -96.62414000 23.51204000 168.55550000 -96.62414000 22.22020000 16.00000000
//-collider
COAABB Y 270.069 -87.210 143.145 270.914 -71.210 143.650
//-collider
COOBB Y 362.04270000 -84.64011000 -73.32009000 361.76550000 -84.64011000 -73.73624000 363.35970000 -84.64011000 -74.19726000 16.00000000
//-collider
COOBB Y 262.78960000 -93.97121000 79.25644000 262.40920000 -93.97121000 78.93193000 266.59120000 -93.97121000 74.80016000 16.00000000
//-collider
COOBB Y 321.62630000 -93.75732000 126.44540000 321.27560000 -93.75732000 126.08900000 323.28130000 -93.75732000 124.81680000 16.00000000
//collider
COOBB N 262.55280000 -94.31394000 6.36156500 262.90000000 -94.31394000 6.72132200 260.83300000 -94.31394000 8.02144500 16.00000000
//-collider
COOBB Y 353.68100000 -93.75732000 89.74627000 353.67240000 -93.75732000 89.24635000 357.77010000 -93.75732000 89.67587000 16.00000000
//-collider
COOBB Y 325.42830000 -93.75732000 -102.46080000 325.05940000 -93.75732000 -102.12330000 323.29970000 -93.75732000 -104.78750000 16.00000000
//-collider
COOBB Y 270.68680000 -87.21027000 167.83260000 270.69430000 -87.21027000 168.33260000 266.21850000 -87.21027000 167.90000000 16.00000000
//-collider
COAABB Y 361.193 -84.640 62.163 363.014 -68.640 62.678
//-collider
COAABB Y 322.732 -93.757 90.626 323.281 -77.757 124.818
//-collider
COOBB Y 335.34420000 -84.64011000 -66.64819000 334.84430000 -84.64011000 -66.64240000 335.29860000 -84.64011000 -70.58633000 16.00000000
//-collider
COOBB Y 310.75490000 -93.75732000 129.84790000 310.25500000 -93.75732000 129.83750000 310.82710000 -93.75732000 126.37830000 16.00000000
//-collider
COAABB Y 290.915 -93.971 74.114 297.455 -77.971 74.630
//collider
COOBB N 354.84710000 -82.08463000 -11.42168000 354.47740000 -82.08463000 -11.08506000 352.72130000 -82.08463000 -13.75652000 16.00000000
//-collider
COOBB Y 157.34970000 -101.72290000 13.05289000 156.98950000 -101.72290000 12.70614000 158.37510000 -101.72290000 11.98768000 16.00000000
//-collider
COOBB Y 368.18970000 -84.55911000 -55.82717000 368.51530000 -84.55911000 -56.20667000 369.53190000 -84.55911000 -54.67587000 16.00000000
//-collider
COAABB Y 358.763 -83.051 -47.295 359.285 -67.013 -37.025
//-collider
COOBB Y 214.70790000 -93.52811000 122.91670000 215.16350000 -93.52811000 123.12270000 213.50230000 -93.52811000 125.58330000 16.00000000
//collider
COAABB N 276.636 -94.314 6.812 277.152 -78.314 13.284
//-collider
COOBB Y 366.75690000 -84.55911000 -48.49114000 367.20580000 -84.55911000 -48.27090000 366.28930000 -84.55911000 -47.53821000 16.00000000
