COCOUNT 735
//-collider
COOBB Y -137.73090000 -106.24690000 5.92552500 -138.21960000 -106.24690000 5.81999500 -137.50020000 -106.24690000 4.85732400 16.00000000
//-collider
COOBB Y -300.28190000 -113.45190000 72.23293000 -300.29220000 -113.45190000 71.73303000 -293.29070000 -113.45190000 72.08852000 16.00000000
//-collider
COOBB Y -380.70430000 -130.20740000 -23.73357000 -380.70860000 -130.20740000 -23.23359000 -384.31800000 -130.20740000 -23.76552000 16.00000000
//-collider
COOBB Y -307.96210000 -106.41670000 124.94300000 -308.33620000 -106.41670000 124.61120000 -305.89800000 -106.41670000 122.61500000 16.00000000
//-collider
COOBB Y -262.29880000 -110.30730000 -133.40140000 -262.79740000 -110.30730000 -133.43820000 -262.05120000 -110.30730000 -136.75040000 16.00000000
//-collider
COOBB Y -249.12220000 -113.78130000 54.77681000 -248.76020000 -113.78130000 55.12170000 -251.19950000 -113.78130000 56.95721000 16.00000000
//-collider
COAABB Y -370.012 -127.583 62.393 -368.080 -111.583 62.898
//-collider
COAABB Y -263.252 -113.781 59.273 -253.453 -97.781 59.823
//-collider
COOBB Y -182.70250000 -107.36820000 -11.98942000 -182.35990000 -107.36820000 -12.35355000 -181.63150000 -107.36820000 -10.98156000 16.00000000
//-collider
COAABB Y -357.579 -130.826 35.327 -343.872 -114.517 35.828
//-collider
COOBB Y -374.59330000 -127.58280000 72.10078000 -374.60190000 -127.58280000 72.60070000 -379.91690000 -127.58280000 72.00918000 16.00000000
//-collider
COOBB Y -193.16590000 -110.63640000 -101.10540000 -192.74310000 -110.63640000 -101.37240000 -191.53690000 -110.63640000 -98.52563000 16.00000000
//collider
COAABB N -4.299 -106.247 -6.524 5.090 -90.247 -6.007
//-collider
COOBB Y -202.14380000 -109.86190000 122.45260000 -201.67820000 -109.86190000 122.63470000 -203.55080000 -109.86190000 126.05120000 16.00000000
//collider
COOBB N -354.62280000 -130.20740000 11.34293000 -354.20750000 -130.20740000 11.06452000 -352.90740000 -130.20740000 13.90182000 16.00000000
//-collider
COOBB Y -199.11570000 -110.63640000 -90.87471000 -199.32730000 -110.63640000 -90.42172000 -202.11910000 -110.63640000 -92.27818000 16.00000000
//collider
COOBB N -375.75460000 -130.20740000 -8.85715500 -376.09670000 -130.20740000 -9.22184900 -373.35360000 -130.20740000 -11.10905000 16.00000000
//-collider
COOBB Y -280.55390000 -113.71270000 -83.44939000 -280.95450000 -113.71270000 -83.74851000 -279.09880000 -113.71270000 -85.39829000 16.00000000
//-collider
COOBB Y -224.64410000 -110.63640000 -104.84240000 -224.83870000 -110.63640000 -104.38180000 -226.71960000 -110.63640000 -105.71930000 16.00000000
//-collider
COOBB Y -399.79190000 -130.20740000 -31.62546000 -400.14950000 -130.20740000 -31.97490000 -397.92840000 -130.20740000 -33.53256000 16.00000000
//-collider
COAABB Y -297.487 -99.063 14.056 -296.976 -83.060 16.008
//-collider
COAABB Y -396.256 -130.207 -35.912 -388.074 -114.207 -35.368
//-collider
COAABB Y -262.300 -110.283 -126.212 -251.563 -94.270 -125.663
//-collider
COAABB Y -311.997 -98.834 -9.973 -311.496 -82.833 -8.008
//-collider
COOBB Y -277.32370000 -113.45190000 92.62277000 -277.80360000 -113.45190000 92.76331000 -278.28580000 -113.45190000 89.33819000 16.00000000
//-collider
COAABB Y -418.863 -130.207 -5.321 -418.316 -114.207 5.368
//-collider
COAABB Y -359.275 -127.855 47.854 -342.096 -111.855 48.411
//-collider
COOBB Y -174.11990000 -107.36820000 -5.08020300 -174.50690000 -107.36820000 -5.39673900 -173.36640000 -107.36820000 -6.00145000 16.00000000
//-collider
COOBB Y -323.24210000 -113.70170000 -90.62563000 -322.86250000 -113.70170000 -90.95107000 -321.69830000 -113.70170000 -88.82499000 16.00000000
//-collider
COOBB Y -299.21130000 -113.81710000 71.86251000 -299.22600000 -113.81710000 72.36230000 -302.77110000 -113.81710000 71.75791000 16.01479000
//-collider
COOBB Y -174.22050000 -107.36820000 6.86331100 -174.57000000 -107.36820000 6.50572300 -173.26810000 -107.36820000 5.93250200 16.00000000
//-collider
COAABB Y -299.264 -114.268 -60.161 -298.742 -83.203 -35.789
//-collider
COOBB Y -294.62140000 -113.80650000 -77.58431000 -294.26510000 -113.80650000 -77.93507000 -292.91820000 -113.80650000 -75.85419000 16.00000000
//-collider
COAABB Y -262.309 -110.010 126.215 -251.307 -94.010 126.771
//-collider
COOBB Y -296.76480000 -109.04420000 -153.98430000 -296.42300000 -109.04420000 -153.61940000 -300.50330000 -109.04420000 -150.48240000 16.00000000
//collider
COAABB N -371.489 -130.207 17.637 -356.898 -114.207 18.186
//-collider
COAABB Y -179.981 -113.026 23.166 -176.002 -97.026 23.679
//-collider
COOBB Y -313.50930000 -109.04420000 -156.67140000 -314.00930000 -109.04420000 -156.67630000 -313.46990000 -109.04420000 -160.69790000 16.00000000
//-collider
COAABB Y -179.797 -107.368 12.245 -175.871 -91.368 12.748
//collider
COOBB N -373.29940000 -130.20740000 11.63949000 -373.66710000 -130.20740000 11.97829000 -375.43740000 -130.20740000 9.31912000 16.00000000
//-collider
COAABB Y -249.326 -113.781 25.196 -248.727 -97.781 42.266
//-collider
COOBB Y -267.29680000 -106.41670000 122.37200000 -266.90600000 -106.41670000 122.06000000 -262.80210000 -106.41670000 128.00230000 16.00000000
//-collider
COAABB Y -418.362 -130.207 -5.821 -401.261 -114.207 -5.320
//-collider
COOBB Y -210.74640000 -115.17280000 3.83037600 -210.33440000 -115.17280000 4.11368600 -211.46940000 -115.17280000 4.88176100 16.00000000
//collider
COOBB N -355.21100000 -130.20740000 -11.38052000 -354.84420000 -130.20740000 -11.72027000 -352.85080000 -130.20740000 -8.83200100 16.00000000
//collider
COOBB N -104.77190000 -106.24690000 23.94905000 -105.12390000 -106.24690000 24.30417000 -107.75460000 -106.24690000 20.99268000 16.00000000
//-collider
COOBB Y 5.11141700 -106.24690000 -28.71539000 5.61125700 -106.24690000 -28.70271000 4.50270400 -106.24690000 -4.70289800 16.00000000
//-collider
COOBB Y -264.63720000 -113.45190000 90.06538000 -264.16430000 -113.45190000 90.22800000 -265.47580000 -113.45190000 92.50362000 16.00000000
//-collider
COAABB Y -330.119 -115.286 78.180 -310.710 -99.286 78.717
//collider
COOBB N -32.69124000 -106.24690000 23.91743000 -33.03800000 -106.24690000 24.27765000 -35.69990000 -106.24690000 21.02119000 16.00000000
//-collider
COOBB Y -308.45610000 -113.45190000 77.59389000 -308.81490000 -113.45190000 77.94205000 -310.41890000 -113.45190000 75.57076000 16.00000000
//-collider
COAABB Y -273.720 -113.781 71.287 -270.224 -97.781 71.809
//-collider
COOBB Y -311.51020000 -98.84628000 8.04268300 -311.88540000 -98.84628000 7.71216800 -309.73080000 -98.84628000 6.02278100 16.00122000
//-collider
COOBB Y -301.71780000 -110.86260000 -143.44210000 -301.70950000 -110.86260000 -143.94210000 -300.49070000 -110.86260000 -143.42180000 16.00000000
//collider
COAABB N -369.324 -121.821 80.009 -368.816 -105.821 84.043
//collider
COOBB N -353.06130000 -130.20740000 -13.80222000 -352.68740000 -130.20740000 -13.47030000 -355.21100000 -130.20740000 -11.38052000 16.00000000
//-collider
COOBB Y -211.51040000 -115.17280000 -4.73677300 -211.13040000 -115.17280000 -5.06174500 -210.67260000 -115.17280000 -3.75702900 16.00000000
//-collider
COOBB Y -361.00930000 -127.58280000 73.35047000 -360.65080000 -127.58280000 73.69899000 -361.88710000 -127.58280000 74.25349000 16.00000000
//-collider
COOBB Y -174.18530000 -107.36820000 -10.93249000 -174.52940000 -107.36820000 -11.29520000 -173.18320000 -107.36820000 -11.88332000 16.00000000
//collider
COOBB N -358.76210000 -127.85530000 55.81957000 -358.77360000 -127.85530000 56.31944000 -369.57600000 -127.85530000 55.57112000 16.00000000
//-collider
COAABB Y -239.236 -110.307 -132.883 -238.732 -94.307 -114.255
//-collider
COOBB Y -333.77230000 -113.70170000 -132.41040000 -334.15100000 -113.70170000 -132.73690000 -329.77110000 -113.70170000 -137.05150000 16.00000000
//collider
COOBB N -352.85080000 -130.20740000 -8.83200200 -353.18650000 -130.20740000 -9.20249500 -350.22190000 -130.20740000 -11.21444000 16.00000000
//-collider
COOBB Y -355.12950000 -121.82070000 87.97154000 -354.63810000 -121.82070000 88.06358000 -355.34390000 -121.82070000 89.11617000 16.00000000
//-collider
COOBB Y -240.83420000 -110.00960000 80.46173000 -240.46290000 -110.00960000 80.12684000 -239.23570000 -110.00960000 82.23389000 16.00000000
//-collider
COOBB Y -296.95120000 -99.04813000 9.98971400 -297.45110000 -99.04813000 10.00022000 -296.99230000 -99.04813000 8.03216500 16.00122000
//-collider
COOBB Y -173.36640000 -107.36820000 -6.00145000 -173.74510000 -107.36820000 -5.67491200 -174.23760000 -107.36820000 -7.01166200 16.00000000
//-collider
COOBB Y -308.05910000 -113.90360000 -92.64592000 -308.13030000 -113.90360000 -93.14082000 -303.54940000 -113.90360000 -93.29497000 16.00000000
//collider
COOBB N -283.83540000 -115.17280000 -5.97252400 -283.55550000 -115.17280000 -6.38680600 -283.12800000 -115.17280000 -5.49449400 16.00000000
//-collider
COOBB Y -298.20100000 -99.02855000 -12.61652000 -298.55190000 -99.02855000 -12.97275000 -297.12460000 -99.02855000 -13.67669000 16.00122000
//-collider
COOBB Y -265.34520000 -113.90360000 -92.65150000 -264.86600000 -113.90360000 -92.79415000 -264.44420000 -113.90360000 -89.62461000 16.00000000
//-collider
COOBB Y -193.18460000 -109.86190000 101.42440000 -193.02030000 -109.86190000 100.95220000 -189.71560000 -109.86190000 102.63160000 16.00000000
//-collider
COOBB Y -294.72240000 -113.74930000 89.76993000 -295.08740000 -113.74930000 89.42827000 -292.28810000 -113.74930000 87.16893000 16.00000000
//-collider
COOBB Y -299.05460000 -99.04568000 6.36988600 -299.41450000 -99.04568000 6.02279300 -297.10130000 -99.04568000 4.34450200 16.00122000
//collider
COOBB N -25.20991000 -106.24690000 -7.83503900 -24.80167000 -106.24690000 -8.12372300 -23.33667000 -106.24690000 -5.18600400 16.00000000
//-collider
COAABB Y -258.218 -115.173 23.778 -256.740 -99.173 24.280
//-collider
COOBB Y -342.58680000 -127.58280000 64.95592000 -342.58090000 -127.58280000 64.45595000 -337.02430000 -127.58280000 65.02161000 16.00000000
//-collider
COOBB Y -174.95370000 -107.36820000 -13.72167000 -174.60440000 -107.36820000 -13.36385000 -175.82210000 -107.36820000 -12.87409000 16.00000000
//-collider
COOBB Y -352.99260000 -127.58280000 73.34061000 -352.65810000 -127.58280000 73.71228000 -354.01530000 -127.58280000 74.26099000 16.00000000
//-collider
COAABB Y -295.154 -110.863 -141.068 -290.746 -94.863 -140.530
//collider
COOBB N -23.34190000 -106.24690000 5.28464900 -22.94405000 -106.24690000 5.58750600 -25.24170000 -106.24690000 7.78028100 16.00000000
//-collider
COAABB Y -389.263 -130.207 -24.702 -388.740 -114.207 -6.854
//-collider
COOBB Y -321.48500000 -115.28600000 88.52026000 -321.14060000 -115.28600000 88.88277000 -323.48780000 -115.28600000 90.42282000 16.00000000
//-collider
COOBB Y -180.94580000 -113.02570000 22.30481000 -180.60410000 -113.02570000 22.66988000 -181.89200000 -113.02570000 23.19033000 16.00000000
//collider
COOBB N -278.41260000 -115.17280000 -14.66446000 -278.05440000 -115.17280000 -15.01329000 -277.06530000 -115.17280000 -13.28092000 16.00000000
//-collider
COAABB Y -310.972 -110.863 -143.393 -310.471 -94.863 -139.481
//-collider
COOBB Y -163.08780000 -107.83450000 4.19299800 -162.73540000 -107.83450000 4.54769800 -164.75700000 -107.83450000 5.85138800 16.00000000
//collider
COAABB N -94.161 -106.247 5.998 -38.665 -90.247 6.500
//-collider
COOBB Y -310.48880000 -98.84996000 11.05527000 -310.85510000 -98.84996000 11.39561000 -311.46910000 -98.84996000 10.00023000 16.00244000
//-collider
COOBB Y -342.33840000 -130.51670000 33.64849000 -341.96920000 -130.51670000 33.98566000 -343.87160000 -130.51670000 35.32746000 16.30931000
//-collider
COOBB Y -180.88370000 -107.36820000 13.73055000 -181.21900000 -107.36820000 13.35959000 -179.79670000 -107.36820000 12.74822000 16.00000000
//collider
COOBB N -95.37078000 -106.24690000 -5.28655100 -95.62856000 -106.24690000 -5.71497900 -94.14344000 -106.24690000 -6.02501900 16.00000000
//-collider
COOBB Y -301.42820000 -113.90360000 -92.39425000 -301.59430000 -113.90360000 -92.86587000 -299.52010000 -113.90360000 -93.06609000 16.00000000
//-collider
COOBB Y -351.21180000 -121.82070000 89.20451000 -351.23180000 -121.82070000 88.70490000 -349.74600000 -121.82070000 89.14584000 16.00000000
//-collider
COOBB Y -343.15040000 -127.58280000 62.28048000 -342.66110000 -127.58280000 62.17741000 -342.58680000 -127.58280000 64.95592000 16.00000000
//collider
COAABB N -244.435 -115.173 -6.541 -211.534 -99.173 -5.876
//collider
COOBB N -95.40545000 -106.24690000 5.31988800 -95.00500000 -106.24690000 5.61929300 -97.21404000 -106.24690000 7.73883500 16.00000000
//-collider
COOBB Y -381.86520000 -127.58280000 66.75135000 -382.20990000 -127.58280000 66.38918000 -379.78960000 -127.58280000 64.77578000 16.00000000
//-collider
COAABB Y -293.291 -113.452 72.085 -292.761 -97.452 75.937
//collider
COOBB N -373.35370000 -130.20740000 -11.10905000 -373.76150000 -130.20740000 -10.81977000 -375.13380000 -130.20740000 -13.61849000 16.00000000
//-collider
COAABB Y -276.275 -110.863 -140.865 -266.985 -94.863 -140.357
//-collider
COOBB Y -340.57470000 -130.20740000 31.92273000 -340.22500000 -130.20740000 32.28011000 -342.33840000 -130.20740000 33.64849000 16.00000000
//-collider
COOBB Y -307.41920000 -109.04420000 -165.94030000 -307.88620000 -109.04420000 -166.11910000 -306.66600000 -109.04420000 -167.90790000 16.00000000
//-collider
COOBB Y -202.18180000 -109.86190000 92.56567000 -202.36970000 -109.86190000 92.10229000 -198.55410000 -109.86190000 91.09523000 16.00000000
//-collider
COOBB Y -308.01580000 -106.41670000 134.23130000 -308.42580000 -106.41670000 133.94510000 -306.71050000 -106.41670000 132.36110000 16.00000000
//-collider
COOBB Y -190.10910000 -110.63640000 -112.78710000 -189.60930000 -110.63640000 -112.80020000 -189.83450000 -110.63640000 -102.29480000 16.00000000
//-collider
COAABB Y -308.480 -106.417 124.940 -307.962 -90.417 128.039
//-collider
COOBB Y -264.44420000 -113.45190000 77.92343000 -264.05190000 -113.45190000 77.61351000 -262.80210000 -113.45190000 80.00230000 16.00000000
//collider
COOBB N -260.77630000 -115.17280000 8.00114400 -261.13260000 -115.17280000 8.35189800 -262.48300000 -115.17280000 6.26726200 16.00000000
//collider
COOBB N -260.39430000 -115.17280000 23.10448000 -260.89430000 -115.17280000 23.10934000 -260.52170000 -115.17280000 9.99084900 16.00000000
//-collider
COOBB Y -354.13030000 -115.28600000 112.30020000 -354.45270000 -115.28600000 112.68240000 -355.74910000 -115.28600000 110.93520000 16.00000000
//-collider
COAABB Y -310.254 -114.168 -71.298 -309.724 -98.161 -60.125
//-collider
COOBB Y -271.51920000 -113.45190000 92.36055000 -271.55900000 -113.45190000 92.85896000 -272.62910000 -113.45190000 92.27190000 16.00000000
//-collider
COOBB Y -295.59630000 -109.04420000 -160.96040000 -295.09640000 -109.04420000 -160.94800000 -295.70450000 -109.04420000 -156.56810000 16.00000000
//-collider
COOBB Y -306.99310000 -109.04420000 -149.14490000 -307.36200000 -109.04420000 -149.48230000 -305.75280000 -109.04420000 -150.50080000 16.00000000
//collider
COOBB N -388.59380000 -130.20740000 -5.11224800 -388.59950000 -130.20740000 -5.61221500 -382.26650000 -130.20740000 -5.18513600 16.00000000
//-collider
COAABB Y -354.130 -115.286 112.279 -327.133 -99.286 112.800
//-collider
COAABB Y -321.485 -115.286 88.433 -310.833 -99.286 89.020
//-collider
COOBB Y -164.68430000 -107.83450000 11.98133000 -164.30460000 -107.83450000 11.65596000 -163.74770000 -107.83450000 13.07417000 16.00000000
//-collider
COOBB Y -249.77120000 -110.30730000 -124.52830000 -250.10820000 -110.30730000 -124.15890000 -251.56250000 -110.30730000 -126.16260000 16.02457000
//-collider
COAABB Y 4.903 -106.247 5.877 5.427 -90.247 26.957
//-collider
COOBB Y -164.75700000 -107.83450000 5.85138300 -164.40390000 -107.83450000 5.49734100 -163.81720000 -107.83450000 6.78857200 16.00000000
//-collider
COOBB Y -239.23580000 -110.30730000 -114.25480000 -238.88550000 -110.30730000 -114.61160000 -237.65620000 -110.30730000 -112.70430000 16.00000000
//-collider
COOBB Y -313.46990000 -109.04420000 -160.69790000 -313.70200000 -109.04420000 -161.14070000 -311.59790000 -109.04420000 -161.67890000 16.00000000
//-collider
COOBB Y -347.41840000 -121.82070000 88.92567000 -347.38170000 -121.82070000 89.42433000 -351.21170000 -121.82070000 89.20451000 16.00000000
//-collider
COAABB Y -226.733 -109.862 109.232 -226.220 -93.862 113.440
//-collider
COOBB Y -224.20500000 -109.86190000 111.27060000 -224.51990000 -109.86190000 111.65900000 -226.71950000 -109.86190000 109.23230000 16.00000000
//collider
COAABB N -137.931 -106.247 -6.536 -111.220 -90.247 -5.949
//-collider
COOBB Y -251.42650000 -112.30270000 -57.38569000 -251.04730000 -112.30270000 -57.71162000 -249.02380000 -112.30270000 -54.59047000 16.00000000
//-collider
COOBB Y -262.57190000 -113.45190000 75.99251000 -262.21290000 -113.45190000 76.34057000 -264.44420000 -113.45190000 77.92342000 16.00000000
//-collider
COOBB Y -297.13000000 -99.04691000 7.69796200 -297.49220000 -99.04691000 8.04266400 -299.05240000 -99.04691000 5.67809200 16.00122000
//-collider
COOBB Y -305.75280000 -109.04420000 -150.50080000 -306.12190000 -109.04420000 -150.16350000 -306.71120000 -109.04420000 -151.54980000 16.00000000
//-collider
COOBB Y -293.78210000 -113.74930000 85.72976000 -294.20170000 -113.74930000 85.45789000 -292.24440000 -113.74930000 83.35633000 16.00000000
//collider
COOBB N -375.43740000 -130.20740000 9.31912100 -375.13810000 -130.20740000 9.71966600 -377.49100000 -130.20740000 10.85349000 16.00000000
//-collider
COOBB Y 5.45932800 -106.24690000 3.56360200 5.86832100 -106.24690000 3.85122000 4.47837800 -106.24690000 4.95851200 16.00000000
//collider
COOBB N -280.57500000 -115.17280000 14.72846000 -280.93260000 -115.17280000 15.07787000 -282.09700000 -115.17280000 13.17056000 16.00000000
//-collider
COAABB Y -305.900 -106.417 122.056 -290.407 -90.417 122.615
//-collider
COAABB Y -260.560 -112.303 -48.240 -259.981 -96.303 -25.345
//-collider
COOBB Y -308.39790000 -113.45190000 89.42204000 -308.66950000 -113.45190000 89.84189000 -310.32190000 -113.45190000 88.17776000 16.00000000
//-collider
COOBB Y -270.03960000 -112.30270000 -48.30727000 -270.38210000 -112.30270000 -47.94300000 -271.84110000 -112.30270000 -50.00120000 16.00000000
//collider
COOBB N -350.31530000 -130.20740000 11.22683000 -350.64850000 -130.20740000 11.59962000 -352.39490000 -130.20740000 9.36811400 16.00000000
//-collider
COAABB Y -312.005 -98.862 14.059 -311.494 -82.860 16.011
//collider
COAABB N -36.281 -106.247 -21.006 -35.765 -90.247 -7.804
//collider
COOBB N -109.75170000 -106.24690000 -5.19996900 -110.15250000 -106.24690000 -5.49893900 -107.80830000 -106.24690000 -7.80515600 16.00000000
//-collider
COOBB Y -163.76030000 -107.83450000 11.06784000 -163.40870000 -107.83450000 11.42341000 -164.68430000 -107.83450000 11.98133000 16.00000000
//-collider
COAABB Y -299.274 -114.268 -71.191 -298.764 -98.211 -60.161
//collider
COOBB N -352.90740000 -130.20740000 13.90183000 -352.56580000 -130.20740000 14.26693000 -356.89940000 -130.20740000 17.63712000 16.00000000
//-collider
COOBB Y -273.26570000 -106.41670000 138.69780000 -273.23760000 -106.41670000 139.19700000 -275.88260000 -106.41670000 138.84520000 16.00000000
//-collider
COAABB Y -270.043 -112.303 -48.307 -260.060 -96.303 -47.740
//collider
COOBB N -375.13380000 -130.20740000 -13.61849000 -375.51380000 -130.20740000 -13.94347000 -371.53340000 -130.20740000 -17.82801000 16.00000000
//-collider
COAABB Y -370.124 -127.855 48.004 -369.576 -111.855 55.574
//-collider
COOBB Y -311.47870000 -98.84261000 1.99218800 -311.83160000 -98.84261000 1.63796800 -310.53550000 -98.84261000 1.05254800 16.00244000
//-collider
COAABB Y -262.792 -110.307 -82.237 -262.270 -94.307 -78.185
//-collider
COOBB Y -292.33300000 -113.74930000 79.61408000 -292.67130000 -113.74930000 79.98231000 -294.70920000 -113.74930000 77.43140000 16.00000000
//collider
COOBB N -283.12800000 -115.17280000 -5.49450200 -283.51420000 -115.17280000 -5.81202100 -281.94030000 -115.17280000 -6.93923500 16.00000000
//-collider
COOBB Y -306.71120000 -109.04420000 -151.54980000 -306.43960000 -109.04420000 -151.13000000 -308.38210000 -109.04420000 -150.46890000 16.00000000
//collider
COOBB N -275.81800000 -115.17280000 -5.38060400 -276.19340000 -115.17280000 -5.71090700 -275.40920000 -115.17280000 -5.84520800 16.00000000
//-collider
COOBB Y -397.92840000 -130.20740000 -33.53257000 -398.29770000 -130.20740000 -33.86964000 -396.25350000 -130.20740000 -35.36770000 16.00000000
//-collider
COOBB Y -388.34950000 -130.20740000 5.27109400 -387.90960000 -130.20740000 5.50870900 -389.13860000 -130.20740000 6.73209900 16.00000000
//-collider
COOBB Y -214.51760000 -109.86190000 122.43730000 -214.29420000 -109.86190000 122.88460000 -217.51090000 -109.86190000 123.93260000 16.00000000
//-collider
COOBB Y -280.50640000 -113.71270000 -79.67567000 -280.91470000 -113.71270000 -79.96425000 -279.21090000 -113.71270000 -81.50870000 16.00000000
//-collider
COAABB Y -310.247 -98.963 24.164 -309.715 -82.884 36.315
//collider
COOBB N -280.64860000 -115.17280000 -14.64006000 -280.65410000 -115.17280000 -15.14003000 -278.41260000 -115.17280000 -14.66446000 16.00000000
//-collider
COOBB Y -174.83380000 -107.36820000 13.73616000 -175.20060000 -107.36820000 13.39641000 -173.20450000 -107.36820000 11.97701000 16.00000000
//-collider
COOBB Y -303.54940000 -113.90360000 -93.29497000 -303.35400000 -113.90360000 -93.75520000 -301.42820000 -113.90360000 -92.39425000 16.00000000
//-collider
COAABB Y -311.994 -98.827 -15.797 -311.493 -82.826 -14.033
//-collider
COOBB Y -210.22340000 -113.02570000 -3.90393800 -210.63220000 -113.02570000 -4.19179100 -209.29230000 -113.02570000 -5.22634000 16.00000000
//-collider
COOBB Y -164.86040000 -107.83450000 -6.13954600 -164.49640000 -107.83450000 -6.48233900 -163.16250000 -107.83450000 -4.33660900 16.00000000
//collider
COOBB N -276.92580000 -115.17280000 6.85886900 -276.42580000 -115.17280000 6.85335700 -276.85710000 -115.17280000 13.08172000 16.00000000
//-collider
COAABB Y -162.053 -107.835 -5.921 -139.903 -91.834 -5.380
//-collider
COOBB Y -401.26090000 -130.20740000 -5.31989900 -401.60140000 -130.20740000 -5.68596200 -399.78250000 -130.20740000 -6.69534000 16.00000000
//-collider
COAABB Y -310.272 -114.185 60.348 -309.755 -98.176 71.770
//-collider
COOBB Y -293.04380000 -113.90360000 -72.14469000 -293.01280000 -113.90360000 -71.64565000 -300.35010000 -113.90360000 -71.69122000 16.00000000
//-collider
COOBB Y -226.71360000 -110.00960000 113.42110000 -226.72160000 -110.00960000 113.92100000 -237.77660000 -110.00960000 113.24460000 16.00000000
//-collider
COAABB Y -192.737 -113.026 5.289 -192.221 -97.026 10.843
//-collider
COAABB Y -262.270 -110.010 136.911 -243.657 -94.010 137.423
//-collider
COOBB Y -303.30590000 -109.04420000 -150.54170000 -302.94520000 -109.04420000 -150.88790000 -302.02150000 -109.04420000 -149.20340000 16.00000000
//-collider
COOBB Y -296.40140000 -110.86260000 -142.91070000 -296.38600000 -110.86260000 -143.41050000 -295.06390000 -110.86260000 -142.86940000 16.00000000
//-collider
COOBB Y -278.14410000 -113.71270000 -89.43272000 -278.49320000 -113.71270000 -89.07481000 -280.16150000 -113.71270000 -91.40064000 16.00000000
//-collider
COOBB Y -331.83800000 -113.70170000 -80.13510000 -332.19630000 -113.70170000 -79.78632000 -333.76490000 -113.70170000 -82.11442000 16.00000000
//collider
COOBB N -262.48300000 -115.17280000 6.26727000 -262.56560000 -115.17280000 6.76039400 -264.41620000 -115.17280000 5.94331900 16.00000000
//collider
COAABB N -248.500 -115.173 9.995 -247.974 -99.173 23.047
//-collider
COOBB Y -192.08220000 -113.02570000 -11.09565000 -192.42110000 -113.02570000 -11.46324000 -191.06380000 -113.02570000 -12.03472000 16.00000000
//-collider
COOBB Y -237.82560000 -110.00960000 102.59520000 -237.81050000 -110.00960000 102.09540000 -226.74750000 -110.00960000 102.93000000 16.00000000
//-collider
COOBB Y -174.99620000 -113.02570000 -22.22016000 -175.34160000 -113.02570000 -22.58170000 -173.98680000 -113.02570000 -23.18443000 16.00000000
//-collider
COOBB Y -163.16250000 -107.83450000 -4.33660800 -163.50470000 -107.83450000 -4.70110700 -162.05170000 -107.83450000 -5.37961200 16.00000000
//-collider
COOBB Y -306.70150000 -106.41670000 130.81300000 -307.04630000 -106.41670000 131.17510000 -307.98890000 -106.41670000 129.58710000 16.00000000
//-collider
COAABB Y -380.204 -130.207 24.192 -348.477 -114.207 24.694
//collider
COOBB N -246.46180000 -115.17280000 6.34687600 -246.09440000 -115.17280000 6.68599800 -247.93800000 -115.17280000 7.94627500 16.00000000
//-collider
COOBB Y -163.79740000 -107.83450000 -10.85648000 -163.29750000 -107.83450000 -10.86176000 -163.75920000 -107.83450000 -7.23800300 16.00000000
//-collider
COOBB Y -302.40720000 -109.04420000 -167.69710000 -301.94620000 -109.04420000 -167.89070000 -301.65080000 -109.04420000 -165.89590000 16.00000000
//collider
COOBB N -369.31580000 -121.82070000 84.04331000 -369.32330000 -121.82070000 83.54337000 -358.03660000 -121.82070000 83.87378000 16.00000000
//-collider
COOBB Y -310.47210000 -110.86260000 -143.39320000 -310.48040000 -110.86260000 -143.89310000 -306.29690000 -110.86260000 -143.46260000 16.00000000
//-collider
COOBB Y -297.13630000 -99.03345000 -10.33754000 -297.47800000 -99.03345000 -9.97254200 -298.21120000 -99.03345000 -11.34387000 16.00244000
//-collider
COOBB Y -251.19950000 -113.78130000 56.95721000 -250.84140000 -113.78130000 57.30613000 -253.45550000 -113.78130000 59.27277000 16.00000000
//-collider
COOBB Y -251.30910000 -110.30730000 -88.74067000 -251.65290000 -110.30730000 -89.10370000 -249.67180000 -110.30730000 -90.29128000 16.00000000
//-collider
COOBB Y -290.40730000 -106.41670000 122.55640000 -289.99960000 -106.41670000 122.26680000 -286.46490000 -106.41670000 128.10720000 16.00000000
//collider
COOBB N -107.76060000 -106.24690000 -20.92952000 -108.11330000 -106.24690000 -21.28388000 -104.76890000 -106.24690000 -23.90771000 16.00000000
//-collider
COAABB Y -310.729 -113.702 -136.910 -310.211 -97.702 -133.373
//-collider
COAABB Y -249.622 -115.173 23.042 -248.474 -99.173 23.547
//-collider
COAABB Y -311.976 -98.837 -3.996 -311.476 -82.836 -2.017
//-collider
COOBB Y -374.30270000 -127.58280000 62.93379000 -374.31220000 -127.58280000 62.43388000 -371.93340000 -127.58280000 62.88901000 16.00000000
//-collider
COAABB Y -321.702 -113.702 -89.413 -310.749 -97.702 -88.825
//-collider
COOBB Y -175.82210000 -107.36820000 -12.87409000 -175.81520000 -107.36820000 -12.37414000 -179.70570000 -107.36820000 -12.82047000 16.00000000
//collider
COAABB N -94.143 -106.247 -6.525 -38.792 -90.247 -5.977
//-collider
COOBB Y -353.77840000 -121.82070000 89.13338000 -353.78870000 -121.82070000 89.63327000 -374.22950000 -121.82070000 88.70827000 16.00000000
//-collider
COAABB Y -418.316 -130.207 5.306 -401.175 -114.207 5.866
//-collider
COOBB Y -310.76500000 -115.28600000 85.30058000 -310.26510000 -115.28600000 85.31211000 -310.83720000 -115.28600000 88.43252000 16.00000000
//-collider
COAABB Y -340.575 -130.207 28.462 -340.075 -114.207 31.923
//-collider
COOBB Y -217.08770000 -110.63640000 -123.88850000 -216.88920000 -110.63640000 -124.34740000 -214.44070000 -110.63640000 -122.74340000 16.00000000
//-collider
COOBB Y -173.20450000 -107.36820000 11.97701000 -173.56290000 -107.36820000 12.32575000 -174.24080000 -107.36820000 10.91234000 16.00000000
//-collider
COOBB Y -217.51090000 -109.86190000 123.93260000 -217.89720000 -109.86190000 124.25000000 -225.82360000 -109.86190000 113.81380000 16.00000000
//-collider
COOBB Y -307.73650000 -113.45190000 92.52340000 -308.22550000 -113.45190000 92.62769000 -308.39790000 -113.45190000 89.42204000 16.00000000
//-collider
COAABB Y -330.374 -113.702 -137.410 -310.711 -97.702 -136.899
//-collider
COOBB Y -299.26630000 -99.08484000 24.12097000 -299.57490000 -99.08484000 23.72757000 -297.10970000 -99.08484000 22.42927000 16.00490000
//-collider
COAABB Y -323.488 -115.286 90.423 -322.988 -99.286 109.101
//-collider
COOBB Y -226.77520000 -110.63640000 -109.23140000 -227.09720000 -110.63640000 -109.61390000 -224.65280000 -110.63640000 -111.01810000 16.00000000
//-collider
COAABB Y -299.222 -113.847 36.083 -298.715 -82.811 60.190
//-collider
COOBB Y -241.39380000 -110.00960000 135.26320000 -241.09960000 -110.00960000 135.66750000 -243.65750000 -110.00960000 136.91080000 16.00000000
//-collider
COOBB Y -359.05030000 -131.19330000 47.79628000 -359.09660000 -131.19330000 48.29414000 -363.26860000 -131.19330000 47.40394000 16.01933000
//-collider
COAABB Y -192.038 -113.026 23.164 -181.892 -97.026 23.690
//-collider
COOBB Y -309.71460000 -98.88426000 24.16546000 -309.70300000 -98.88426000 23.66559000 -305.95230000 -98.88426000 24.25235000 16.03915000
//-collider
COOBB Y -309.72630000 -98.88249000 -23.85681000 -309.70990000 -98.88249000 -24.35654000 -306.04600000 -98.88249000 -23.73635000 16.02661000
//-collider
COAABB Y -226.777 -110.636 -112.796 -226.275 -94.636 -109.231
//-collider
COOBB Y -282.01950000 -110.86260000 -122.65920000 -282.38930000 -110.86260000 -122.32270000 -286.45040000 -110.86260000 -127.52960000 16.00000000
//-collider
COOBB Y -191.06380000 -113.02570000 -12.03472000 -191.41540000 -113.02570000 -11.67925000 -192.06050000 -113.02570000 -13.02065000 16.00000000
//collider
COOBB N -248.45430000 -115.17280000 -10.04294000 -247.95850000 -115.17280000 -10.10740000 -248.19780000 -115.17280000 -8.06998800 16.00000000
//-collider
COAABB Y -400.344 -130.517 6.735 -399.823 -114.207 23.878
//-collider
COOBB Y -181.61770000 -107.36820000 10.80761000 -181.24590000 -107.36820000 11.14198000 -182.65400000 -107.36820000 11.95979000 16.00000000
//collider
COAABB N -285.443 -115.173 5.945 -283.547 -99.173 6.451
//-collider
COOBB Y -269.97390000 -113.90360000 -93.05958000 -269.93000000 -113.90360000 -93.55765000 -265.34520000 -113.90360000 -92.65150000 16.00000000
//-collider
COAABB Y -367.223 -131.198 47.816 -366.716 -115.197 49.263
//-collider
COAABB Y -334.467 -115.286 81.987 -333.957 -99.286 102.461
//-collider
COOBB Y -250.66880000 -115.17280000 23.79839000 -250.67650000 -115.17280000 24.29833000 -252.11220000 -115.17280000 23.77640000 16.00000000
//-collider
COOBB Y -282.94990000 -106.41670000 122.52760000 -282.93470000 -106.41670000 122.02780000 -279.87860000 -106.41670000 122.62060000 16.00000000
//-collider
COAABB Y -310.911 -113.904 -75.699 -310.409 -97.904 -71.756
//-collider
COOBB Y -274.06330000 -112.30270000 -71.49402000 -274.05330000 -112.30270000 -71.99391000 -269.83200000 -112.30270000 -71.40918000 16.00000000
//-collider
COAABB Y -305.821 -110.863 -122.289 -300.764 -94.863 -121.778
//-collider
COAABB Y -138.908 -106.247 2.485 -138.398 -90.247 3.813
//-collider
COOBB Y -344.75790000 -130.20740000 -23.78794000 -344.76490000 -130.20740000 -23.28799000 -348.31780000 -130.20740000 -23.83780000 16.00000000
//-collider
COAABB Y -272.509 -106.417 122.202 -266.827 -90.417 122.714
//-collider
COOBB Y -277.32050000 -106.41670000 122.58770000 -276.95610000 -106.41670000 122.24530000 -275.84820000 -106.41670000 124.15450000 16.00000000
//-collider
COAABB Y -263.046 -112.303 -77.956 -262.538 -96.303 -71.770
//-collider
COOBB Y -292.63760000 -113.80650000 -86.79531000 -292.24480000 -113.80650000 -86.48593000 -293.82630000 -113.80650000 -85.28612000 16.00000000
//collider
COOBB N -358.70870000 -127.85530000 53.07835000 -358.20880000 -127.85530000 53.08809000 -358.76210000 -127.85530000 55.81957000 16.00000000
//-collider
COAABB Y -347.795 -127.583 74.229 -342.439 -111.583 74.757
//collider
COOBB N -283.14050000 -115.17280000 5.46652300 -282.75990000 -115.17280000 5.79080200 -283.54840000 -115.17280000 5.94525600 16.00000000
//-collider
COOBB Y -259.25240000 -115.17280000 -22.97560000 -259.44910000 -115.17280000 -23.43528000 -257.08580000 -115.17280000 -23.90268000 16.00000000
//-collider
COOBB Y -181.03200000 -113.02570000 -22.25525000 -181.35750000 -113.02570000 -22.63483000 -179.99130000 -113.02570000 -23.14756000 16.00000000
//-collider
COOBB Y -306.66600000 -109.04420000 -167.90780000 -306.64120000 -109.04420000 -168.40720000 -302.40720000 -109.04420000 -167.69710000 16.00000000
//collider
COOBB N -281.99540000 -115.17280000 -13.14284000 -282.36720000 -115.17280000 -13.47723000 -280.64860000 -115.17280000 -14.64007000 16.00000000
//-collider
COOBB Y -181.94500000 -113.02570000 -23.25450000 -181.57580000 -113.02570000 -23.59175000 -181.03200000 -113.02570000 -22.25525000 16.00000000
//-collider
COAABB Y -250.271 -110.307 -124.528 -249.672 -94.307 -90.290
//-collider
COOBB Y -242.48550000 -110.30730000 -136.74530000 -242.12250000 -110.30730000 -137.08920000 -241.02310000 -110.30730000 -135.20180000 16.00000000
//-collider
COAABB Y -311.936 -98.879 19.990 -311.434 -82.874 22.036
//-collider
COOBB Y -284.36450000 -106.41670000 125.65210000 -284.82000000 -106.41670000 125.44590000 -282.94990000 -106.41670000 122.52760000 16.00000000
//-collider
COAABB Y -274.595 -112.303 -71.495 -274.063 -96.303 -52.020
//-collider
COOBB Y -271.84110000 -112.30270000 -50.00120000 -272.17470000 -112.30270000 -49.62876000 -274.09530000 -112.30270000 -52.02035000 16.00000000
//-collider
COOBB Y -174.23760000 -107.36820000 -7.01166100 -174.73760000 -107.36820000 -7.01833800 -174.18530000 -107.36820000 -10.93249000 16.00000000
//-collider
COAABB Y -310.729 -115.286 78.717 -310.211 -99.286 81.595
//-collider
COOBB Y -342.11310000 -127.85530000 61.05532000 -341.77400000 -127.85530000 61.42276000 -343.67540000 -127.85530000 62.49705000 16.00000000
//-collider
COAABB Y -237.659 -110.307 -113.264 -226.721 -94.307 -112.704
//-collider
COOBB Y -262.54920000 -113.90360000 -72.25597000 -262.50020000 -113.90360000 -71.75838000 -267.20380000 -113.90360000 -71.79714000 16.00000000
//-collider
COOBB Y -301.65080000 -109.04420000 -165.89590000 -301.81790000 -109.04420000 -166.36710000 -299.86170000 -109.04420000 -166.53050000 16.00000000
//-collider
COAABB Y -307.493 -109.044 -149.145 -306.978 -93.044 -143.700
//-collider
COOBB Y -189.85210000 -109.86190000 112.53490000 -189.68440000 -109.86190000 113.00600000 -193.20280000 -109.86190000 113.72750000 16.00000000
//-collider
COAABB Y -298.553 -99.031 -12.973 -298.052 -83.029 -10.979
//-collider
COAABB Y -310.255 -114.185 36.315 -309.747 -82.963 60.349
//-collider
COOBB Y -309.72670000 -98.83527000 -5.90750800 -310.10910000 -98.83527000 -5.58531300 -311.49650000 -98.83527000 -8.00771400 16.00122000
//-collider
COOBB Y -299.52010000 -113.90360000 -93.06609000 -299.46610000 -113.90360000 -93.56317000 -295.43240000 -113.90360000 -92.62288000 16.00000000
//-collider
COOBB Y -174.00050000 -113.02570000 23.15015000 -174.34240000 -113.02570000 23.51502000 -174.96310000 -113.02570000 22.24828000 16.00000000
//collider
COAABB N -104.772 -106.247 -24.437 -100.335 -90.247 -23.908
//-collider
COOBB Y -299.26540000 -114.21090000 -71.69066000 -299.27420000 -114.21090000 -71.19073000 -303.30290000 -114.21090000 -71.76106000 16.02850000
//-collider
COAABB Y -344.761 -130.207 23.699 -344.247 -114.207 25.520
//-collider
COOBB Y -211.53660000 -115.17280000 -5.87598000 -211.03670000 -115.17280000 -5.88744300 -211.51040000 -115.17280000 -4.73677700 16.00000000
//-collider
COOBB Y -279.21090000 -113.71270000 -81.50871000 -279.62200000 -113.71270000 -81.22418000 -280.55390000 -113.71270000 -83.44937000 16.00000000
//-collider
COOBB Y -189.71560000 -109.86190000 102.63160000 -189.21570000 -109.86190000 102.63850000 -189.85210000 -109.86190000 112.53490000 16.00000000
//collider
COAABB N -244.389 -115.173 6.028 -211.494 -99.173 6.557
//collider
COOBB N -100.33460000 -106.24690000 -23.93703000 -99.98528000 -106.24690000 -24.29473000 -97.32590000 -106.24690000 -20.99845000 16.00000000
//-collider
COOBB Y -266.98500000 -110.86260000 -140.36450000 -266.60560000 -110.86260000 -140.69010000 -262.80220000 -110.86260000 -135.48860000 16.00000000
//-collider
COOBB Y -332.15620000 -115.28600000 80.23882000 -332.46010000 -115.28600000 79.84175000 -330.11890000 -115.28600000 78.67958000 16.00000000
//-collider
COOBB Y -241.02310000 -110.30730000 -135.20180000 -240.62740000 -110.30730000 -135.50740000 -239.23200000 -110.30730000 -132.88250000 16.00000000
//-collider
COAABB Y -299.242 -99.206 -35.791 -298.700 -83.203 -24.318
//-collider
COOBB Y -297.50470000 -109.04420000 -155.72440000 -297.04460000 -109.04420000 -155.92010000 -296.76480000 -109.04420000 -153.98430000 16.00000000
//-collider
COOBB Y -295.43240000 -113.90360000 -92.62288000 -294.97260000 -113.90360000 -92.81918000 -294.13730000 -113.90360000 -89.58904000 16.00000000
//-collider
COOBB Y -225.55240000 -109.86190000 100.63290000 -225.92450000 -109.86190000 100.29890000 -217.28060000 -109.86190000 91.41743000 16.00000000
//-collider
COOBB Y -295.70450000 -109.04420000 -156.56810000 -295.49230000 -109.04420000 -156.11540000 -297.50470000 -109.04420000 -155.72440000 16.00000000
//-collider
COAABB Y -380.365 -130.207 -24.670 -348.772 -114.207 -24.162
//-collider
COOBB Y -262.29750000 -109.97270000 89.29978000 -262.79750000 -109.97270000 89.29166000 -262.23100000 -109.97270000 85.20207000 16.00613000
//-collider
COOBB Y -137.52310000 -106.24690000 -4.65033500 -138.00030000 -106.24690000 -4.50089400 -137.92970000 -106.24690000 -5.94861700 16.00000000
//-collider
COOBB Y -163.79040000 -107.83450000 -13.05284000 -163.43020000 -107.83450000 -12.70608000 -164.81580000 -107.83450000 -11.98763000 16.00000000
//collider
COAABB N -25.301 -106.247 -21.033 -24.710 -90.247 -7.835
//-collider
COOBB Y -191.86900000 -109.86190000 117.40480000 -191.52260000 -109.86190000 117.76530000 -198.76460000 -109.86190000 124.02970000 16.00000000
//collider
COOBB N -38.79228000 -106.24690000 -5.97673700 -38.51306000 -106.24690000 -6.39150500 -37.71289000 -106.24690000 -5.25008600 16.00000000
//-collider
COOBB Y -189.83450000 -110.63640000 -102.29480000 -189.66640000 -110.63640000 -101.82400000 -193.16590000 -110.63640000 -101.10540000 16.00000000
//-collider
COOBB Y -299.04250000 -99.03589000 -5.56901400 -299.41050000 -99.03589000 -5.90752600 -297.11050000 -99.03589000 -7.66918900 16.00122000
//-collider
COAABB Y -249.024 -112.303 -54.591 -248.495 -96.303 -25.240
//-collider
COOBB Y -179.70570000 -107.36820000 -12.82047000 -180.04580000 -107.36820000 -12.45397000 -180.87350000 -107.36820000 -13.90419000 16.00000000
//-collider
COOBB Y -225.84310000 -110.63640000 -113.99950000 -226.21740000 -110.63640000 -114.33090000 -217.08770000 -110.63640000 -123.88850000 16.00000000
//-collider
COAABB Y -263.038 -112.303 -71.771 -262.523 -96.303 -59.399
//-collider
COOBB Y -329.54290000 -113.70170000 -78.30518000 -329.85460000 -113.70170000 -77.91424000 -331.83800000 -113.70170000 -80.13509000 16.00000000
//-collider
COOBB Y -310.34020000 -110.86260000 -135.65250000 -310.69130000 -110.86260000 -136.00850000 -308.45380000 -110.86260000 -137.51300000 16.00000000
//-collider
COAABB Y -262.051 -110.307 -137.250 -242.485 -94.307 -136.745
//-collider
COOBB Y -389.26260000 -130.20740000 -6.85490400 -388.79580000 -130.20740000 -7.03406000 -388.59380000 -130.20740000 -5.11225000 16.00000000
//-collider
COOBB Y -311.49810000 -98.81081000 -22.17557000 -311.84200000 -98.81081000 -22.53848000 -309.66330000 -98.81081000 -23.91445000 16.00490000
//-collider
COOBB Y -303.01940000 -99.21070000 -23.76535000 -303.02620000 -99.21070000 -24.26530000 -299.19280000 -99.21070000 -23.81762000 16.00490000
//-collider
COOBB Y -250.72870000 -113.78130000 24.20542000 -250.43970000 -113.78130000 23.79744000 -249.32600000 -113.78130000 25.19926000 16.00000000
//-collider
COOBB Y -209.06280000 -113.02570000 5.34217500 -209.44910000 -113.02570000 5.65968600 -210.27510000 -113.02570000 3.86745300 16.00000000
//-collider
COOBB Y -396.10750000 -132.68180000 35.33102000 -396.45880000 -132.68180000 35.68687000 -397.69750000 -132.68180000 33.76154000 16.61862000
//collider
COOBB N -282.15940000 -115.17280000 6.94005800 -282.57560000 -115.17280000 7.21716000 -283.14040000 -115.17280000 5.46652300 16.00000000
//collider
COAABB N -275.219 -115.173 5.943 -264.413 -99.173 6.511
//-collider
COOBB Y -306.04600000 -106.41670000 140.78760000 -306.47960000 -106.41670000 141.03670000 -308.03370000 -106.41670000 137.32740000 16.00000000
//-collider
COOBB Y -359.98160000 -127.58280000 74.24139000 -360.30910000 -127.58280000 74.61919000 -361.00930000 -127.58280000 73.35047000 16.00000000
//-collider
COOBB Y -310.34010000 -113.90360000 -87.70966000 -310.69130000 -113.90360000 -88.06565000 -308.45380000 -113.90360000 -89.57012000 16.00000000
//-collider
COOBB Y -309.28600000 -109.04420000 -166.71040000 -309.09530000 -109.04420000 -167.17270000 -307.41920000 -109.04420000 -165.94030000 16.00000000
//collider
COOBB N -109.78500000 -106.24690000 5.29768900 -109.50240000 -106.24690000 5.71016400 -110.81230000 -106.24690000 6.00149300 16.00000000
//-collider
COOBB Y -357.57940000 -131.13530000 35.32817000 -357.20780000 -131.13530000 35.66264000 -359.14180000 -131.13530000 37.06424000 16.30931000
//-collider
COAABB Y -212.963 -109.862 125.981 -203.551 -93.862 126.551
//-collider
COOBB Y -277.96480000 -113.90360000 -92.60585000 -278.00900000 -113.90360000 -93.10389000 -272.98110000 -113.90360000 -93.04818000 16.00000000
//-collider
COAABB Y -307.738 -113.452 92.523 -303.323 -97.452 93.040
//-collider
COOBB Y -356.98550000 -127.58280000 73.42963000 -356.67190000 -127.58280000 73.81907000 -358.04060000 -127.58280000 74.27921000 16.00000000
//-collider
COOBB Y -262.52730000 -113.45190000 71.85810000 -262.02730000 -113.45190000 71.86350000 -262.57200000 -113.45190000 75.99249000 16.00000000
//-collider
COOBB Y -354.98370000 -127.58280000 63.79639000 -355.29430000 -127.58280000 63.40462000 -353.69000000 -127.58280000 62.77051000 16.00000000
//-collider
COOBB Y -225.82360000 -109.86190000 113.81380000 -226.24540000 -109.86190000 113.54530000 -224.20500000 -109.86190000 111.27060000 16.00000000
//-collider
COAABB Y -306.046 -106.417 140.671 -291.084 -90.417 141.288
//collider
COOBB N -248.61300000 -115.17280000 -23.02584000 -248.11310000 -115.17280000 -23.03196000 -248.45430000 -115.17280000 -10.04294000 16.00000000
//-collider
COAABB Y -379.790 -127.583 64.276 -374.425 -111.583 64.822
//-collider
COOBB Y -368.08150000 -127.58280000 62.89827000 -367.76070000 -127.58280000 62.51472000 -367.04120000 -127.58280000 63.76832000 16.00000000
//-collider
COOBB Y -299.86170000 -109.04420000 -166.53050000 -299.51880000 -109.04420000 -166.89440000 -296.85100000 -109.04420000 -163.69370000 16.00000000
//-collider
COOBB Y -310.40940000 -113.90360000 -75.69893000 -310.75040000 -113.90360000 -76.06458000 -308.43080000 -113.90360000 -77.54431000 16.00000000
//-collider
COOBB Y -312.48640000 -109.04420000 -163.70210000 -312.82880000 -109.04420000 -164.06640000 -309.28600000 -109.04420000 -166.71040000 16.00000000
//-collider
COOBB Y -193.00990000 -110.63640000 -113.61900000 -192.87210000 -110.63640000 -114.09960000 -190.10910000 -110.63640000 -112.78710000 16.00000000
//-collider
COOBB Y -226.77510000 -109.86190000 105.79660000 -227.05780000 -109.86190000 105.38420000 -224.12340000 -109.86190000 103.97850000 16.00000000
//-collider
COOBB Y -360.09980000 -127.58280000 62.88966000 -359.82150000 -127.58280000 62.47422000 -359.04660000 -127.58280000 63.59494000 16.00000000
//-collider
COOBB Y -297.04400000 -99.07506000 19.65678000 -297.41620000 -99.07506000 19.99060000 -298.84540000 -99.07506000 17.64799000 16.00980000
//-collider
COOBB Y -309.74700000 -98.88422000 23.72759000 -310.10090000 -98.88422000 24.08089000 -311.43630000 -98.88422000 22.03586000 16.00490000
//collider
COOBB N -264.49330000 -115.17280000 -5.98237100 -264.58970000 -115.17280000 -6.47300000 -262.56280000 -115.17280000 -6.36149000 16.00000000
//-collider
COOBB Y -298.52260000 -110.86260000 -141.47520000 -298.80280000 -110.86260000 -141.88930000 -296.40140000 -110.86260000 -142.91070000 16.00000000
//-collider
COOBB Y -294.88990000 -113.80650000 -89.28951000 -294.51880000 -113.80650000 -89.62462000 -292.63750000 -113.80650000 -86.79530000 16.00000000
//-collider
COOBB Y -262.19770000 -110.00960000 81.88424000 -262.69710000 -110.00960000 81.86082000 -262.05120000 -110.00960000 78.76102000 16.00000000
//-collider
COOBB Y -214.44070000 -110.63640000 -122.74340000 -214.91730000 -110.63640000 -122.89460000 -213.44050000 -110.63640000 -125.89640000 16.00000000
//collider
COOBB N -248.19780000 -115.17280000 -8.06999200 -247.83880000 -115.17280000 -8.41800800 -246.55780000 -115.17280000 -6.37821500 16.00000000
//-collider
COOBB Y -272.62910000 -113.45190000 92.27190000 -272.59190000 -113.45190000 92.77051000 -277.32370000 -113.45190000 92.62277000 16.00000000
//-collider
COOBB Y -308.45380000 -110.86260000 -137.51300000 -308.80290000 -110.86260000 -137.15510000 -310.47120000 -110.86260000 -139.48090000 16.00000000
//-collider
COOBB Y -293.01770000 -113.80650000 -91.22047000 -292.65870000 -113.80650000 -90.87241000 -294.88990000 -113.80650000 -89.28954000 16.00000000
//-collider
COAABB Y -353.693 -127.583 62.230 -346.347 -111.583 62.771
//collider
COOBB N -347.71440000 -127.85530000 62.41363000 -348.21420000 -127.85530000 62.42727000 -347.97570000 -127.85530000 52.84095000 16.00000000
//-collider
COAABB Y -400.292 -130.207 -31.625 -399.789 -114.207 -21.894
//collider
COOBB N -346.48650000 -130.20740000 7.36960800 -346.13170000 -130.20740000 7.72185100 -350.31530000 -130.20740000 11.22683000 16.00000000
//-collider
COAABB Y -262.809 -110.010 126.715 -262.304 -94.010 129.849
//-collider
COOBB Y -248.99520000 -112.30270000 -25.23972000 -248.83630000 -112.30270000 -24.76563000 -252.01640000 -112.30270000 -24.22736000 16.00000000
//-collider
COOBB Y -281.79830000 -110.86260000 -140.46240000 -281.78580000 -110.86260000 -140.96220000 -276.23120000 -110.86260000 -140.32390000 16.00000000
//-collider
COAABB Y -174.695 -107.368 -5.084 -174.120 -91.368 4.905
//-collider
COOBB Y -174.96310000 -113.02570000 22.24829000 -174.62960000 -113.02570000 22.62082000 -176.00220000 -113.02570000 23.17853000 16.00000000
//-collider
COAABB Y -348.272 -130.207 23.190 -344.759 -114.207 23.702
//-collider
COOBB Y -201.91780000 -110.63640000 -122.73600000 -202.12140000 -110.63640000 -123.19270000 -198.94330000 -110.63640000 -124.06210000 16.00000000
//-collider
COOBB Y -293.74080000 -113.74930000 81.49696000 -294.14130000 -113.74930000 81.19754000 -292.33300000 -113.74930000 79.61409000 16.00000000
//-collider
COAABB Y -311.979 -98.844 1.992 -311.479 -82.843 3.997
//-collider
COOBB Y -347.47350000 -115.28600000 89.32006000 -346.97370000 -115.28600000 89.30627000 -347.14470000 -115.28600000 101.23910000 16.00000000
//-collider
COOBB Y -249.77110000 -110.00960000 90.98312000 -250.10810000 -110.00960000 91.35249000 -251.56240000 -110.00960000 89.34882000 16.02457000
//-collider
COOBB Y -280.25960000 -113.17260000 82.96758000 -280.62540000 -113.17260000 82.62676000 -278.95440000 -113.17260000 81.56666000 16.00000000
//-collider
COOBB Y -198.76460000 -109.86190000 124.02970000 -198.97600000 -109.86190000 124.48280000 -202.14380000 -109.86190000 122.45260000 16.00000000
//-collider
COOBB Y -191.36550000 -109.86190000 98.73621000 -190.95140000 -109.86190000 99.01643000 -193.18460000 -109.86190000 101.42440000 16.00000000
//-collider
COAABB Y -209.063 -113.026 5.289 -192.235 -97.026 5.842
//-collider
COOBB Y -351.81320000 -127.58280000 74.28443000 -352.12560000 -127.58280000 74.67481000 -352.99260000 -127.58280000 73.34060000 16.00000000
//-collider
COOBB Y -193.20280000 -109.86190000 113.72750000 -192.73270000 -109.86190000 113.55700000 -191.86900000 -109.86190000 117.40480000 16.00000000
//-collider
COOBB Y -290.75050000 -110.86260000 -140.53010000 -290.36630000 -110.86260000 -140.85000000 -286.46490000 -110.86260000 -135.38370000 16.00000000
//-collider
COOBB Y -249.61970000 -115.17280000 23.04151000 -249.32720000 -115.17280000 23.44701000 -250.66880000 -115.17280000 23.79839000 16.00000000
//-collider
COOBB Y -224.65280000 -110.63640000 -111.01810000 -225.11720000 -110.63640000 -110.83270000 -225.84310000 -110.63640000 -113.99950000 16.00000000
//-collider
COOBB Y -300.50330000 -109.04420000 -150.48240000 -300.78030000 -109.04420000 -150.06620000 -302.29660000 -109.04420000 -151.67590000 16.00000000
//-collider
COAABB Y -226.779 -109.862 100.784 -226.278 -93.862 101.500
//-collider
COAABB Y -312.000 -98.816 -22.176 -311.498 -82.811 -20.151
//-collider
COAABB Y -389.139 -130.207 6.732 -388.619 -114.207 24.680
//-collider
COOBB Y -292.43690000 -113.80650000 -79.55953000 -292.10160000 -113.80650000 -79.18866000 -294.62140000 -113.80650000 -77.58430000 16.00000000
//-collider
COOBB Y -312.14520000 -109.04420000 -153.73000000 -312.61520000 -109.04420000 -153.90060000 -311.50360000 -109.04420000 -155.49800000 16.00000000
//-collider
COOBB Y -293.10250000 -113.90360000 -76.53604000 -292.60250000 -113.90360000 -76.54272000 -293.04380000 -113.90360000 -72.14468000 16.00000000
//-collider
COAABB Y -388.299 -130.207 -35.928 -343.398 -114.207 -35.399
//-collider
COOBB Y -311.46910000 -98.84750000 10.00023000 -311.96900000 -98.84750000 10.01073000 -311.51020000 -98.84750000 8.04267600 16.00122000
//-collider
COAABB Y -342.113 -127.855 48.411 -341.598 -111.855 61.056
//-collider
COOBB Y -365.07020000 -127.58280000 73.39945000 -364.74660000 -127.58280000 73.78056000 -366.03710000 -127.58280000 74.22058000 16.00000000
//-collider
COAABB Y -250.271 -110.010 90.983 -249.672 -94.010 125.222
//-collider
COOBB Y -192.12600000 -113.02570000 13.06148000 -192.48160000 -113.02570000 12.70996000 -191.12940000 -113.02570000 12.05326000 16.00000000
//-collider
COOBB Y -280.02910000 -113.17260000 79.59307000 -280.37750000 -113.17260000 79.23447000 -277.86340000 -113.17260000 77.48875000 16.00000000
//-collider
COOBB Y -164.81590000 -107.83450000 -11.98762000 -164.44430000 -107.83450000 -12.32218000 -163.79740000 -107.83450000 -10.85648000 16.00000000
//-collider
COAABB Y -310.269 -114.161 -60.125 -309.754 -82.936 -35.572
//-collider
COAABB Y -297.418 -99.080 19.991 -296.916 -83.075 22.036
//-collider
COAABB Y -310.280 -114.176 71.769 -309.772 -98.172 77.481
//-collider
COOBB Y -366.72300000 -131.20290000 47.81599000 -366.90670000 -131.20290000 47.35096000 -365.78570000 -131.20290000 47.44578000 16.00482000
//-collider
COOBB Y -269.66710000 -113.45190000 92.24210000 -269.63520000 -113.45190000 92.74108000 -271.51920000 -113.45190000 92.36056000 16.00000000
//-collider
COOBB Y -270.55670000 -106.41670000 140.45450000 -270.82870000 -106.41670000 140.87400000 -273.26570000 -106.41670000 138.69780000 16.00000000
//collider
COAABB N -277.081 -115.173 -13.281 -276.565 -99.173 -7.072
//-collider
COOBB Y -294.70920000 -113.74930000 77.43140000 -295.04680000 -113.74930000 77.06261000 -292.72400000 -113.74930000 75.61398000 16.00000000
//-collider
COAABB Y -260.272 -113.781 25.229 -259.738 -97.781 48.700
//-collider
COAABB Y -344.758 -130.207 -25.485 -344.245 -114.207 -23.784
//-collider
COOBB Y -311.59790000 -109.04420000 -161.67890000 -312.05570000 -109.04420000 -161.47790000 -312.48630000 -109.04420000 -163.70210000 16.00000000
//-collider
COAABB Y -384.786 -130.207 23.805 -384.276 -114.207 25.635
//-collider
COOBB Y -300.49070000 -110.86260000 -143.42180000 -300.13910000 -110.86260000 -143.77730000 -298.52260000 -110.86260000 -141.47520000 16.00000000
//collider
COOBB N -275.79370000 -115.17280000 5.47926000 -275.40710000 -115.17280000 5.79643400 -276.92580000 -115.17280000 6.85887000 16.00000000
//collider
COAABB N -22.221 -106.247 5.969 -4.576 -90.247 6.518
//-collider
COOBB Y -293.74600000 -113.80650000 -81.58815000 -293.32590000 -113.80650000 -81.85927000 -292.43690000 -113.80650000 -79.55954000 16.00000000
//collider
COOBB N -352.39490000 -130.20740000 9.36810600 -352.06320000 -130.20740000 9.74227100 -354.62280000 -130.20740000 11.34293000 16.00000000
//collider
COOBB N -107.77050000 -106.24690000 7.75561700 -108.15720000 -106.24690000 8.07256500 -109.78500000 -106.24690000 5.29769300 16.00000000
//-collider
COOBB Y -278.28670000 -113.90360000 -89.35019000 -278.77240000 -113.90360000 -89.46848000 -277.51110000 -113.90360000 -92.53542000 16.00000000
//-collider
COOBB Y -308.45380000 -113.90360000 -89.57012000 -308.94970000 -113.90360000 -89.63376000 -308.05910000 -113.90360000 -92.64592000 16.00000000
//-collider
COOBB Y -343.39750000 -130.20740000 -35.42751000 -343.01850000 -130.20740000 -35.75371000 -342.20900000 -130.20740000 -34.04683000 16.00000000
//-collider
COOBB Y -280.13870000 -113.45190000 75.65586000 -280.63700000 -113.45190000 75.61466000 -279.84130000 -113.45190000 72.05926000 16.00000000
//-collider
COOBB Y -310.57150000 -98.82793000 -12.97275000 -310.94870000 -98.82793000 -12.64464000 -311.49350000 -98.82793000 -14.03291000 16.00122000
//-collider
COOBB Y -355.96570000 -127.58280000 62.91016000 -355.63070000 -127.58280000 62.53897000 -354.98370000 -127.58280000 63.79638000 16.00000000
//-collider
COAABB Y -270.557 -106.417 140.454 -266.906 -90.417 140.955
//-collider
COOBB Y -367.04120000 -127.58280000 63.76832000 -367.33880000 -127.58280000 63.36655000 -365.78230000 -127.58280000 62.83574000 16.00000000
//-collider
COOBB Y -275.88260000 -106.41670000 138.84520000 -275.47960000 -106.41670000 139.14130000 -277.06550000 -106.41670000 140.45520000 16.00000000
//-collider
COOBB Y -139.90320000 -107.83450000 -5.42143700 -139.50200000 -107.83450000 -5.71979400 -138.56850000 -107.83450000 -3.62647800 16.00000000
//-collider
COOBB Y -280.18400000 -113.71270000 -75.45408000 -280.56200000 -113.71270000 -75.78133000 -278.42810000 -113.71270000 -77.48241000 16.00000000
//-collider
COOBB Y -355.34390000 -121.82070000 89.11617000 -355.33830000 -121.82070000 88.61620000 -353.77840000 -121.82070000 89.13338000 16.00000000
//-collider
COOBB Y -286.46490000 -110.86260000 -135.38370000 -286.83310000 -110.86260000 -135.72200000 -281.79830000 -110.86260000 -140.46240000 16.00000000
//-collider
COOBB Y -192.03700000 -113.02570000 23.16401000 -192.53700000 -113.02570000 23.16842000 -192.12600000 -113.02570000 13.06147000 16.00000000
//-collider
COAABB Y -308.534 -106.417 134.228 -308.016 -90.417 137.327
//-collider
COAABB Y -226.777 -109.862 102.932 -226.275 -93.862 105.797
//-collider
COOBB Y -311.49600000 -98.83282000 -9.97252200 -311.86440000 -98.83282000 -10.31059000 -310.57250000 -98.83282000 -10.97888000 16.00244000
//-collider
COAABB Y -342.547 -127.583 72.104 -337.241 -111.583 72.609
//-collider
COOBB Y -212.95920000 -109.86190000 125.98140000 -213.41690000 -109.86190000 126.18270000 -214.51760000 -109.86190000 122.43730000 16.00000000
//-collider
COAABB Y -340.576 -130.207 -31.952 -340.059 -114.207 -27.608
//-collider
COOBB Y -224.12340000 -109.86190000 103.97850000 -224.58320000 -109.86190000 104.17490000 -225.55240000 -109.86190000 100.63290000 16.00000000
//-collider
COOBB Y -361.80920000 -127.58280000 62.76375000 -361.77250000 -127.58280000 62.26510000 -360.09970000 -127.58280000 62.88965000 16.00000000
//collider
COOBB N -282.09700000 -115.17280000 13.17056000 -282.59700000 -115.17280000 13.17556000 -282.15930000 -115.17280000 6.94005100 16.00000000
//-collider
COAABB Y -181.632 -107.368 -10.982 -181.118 -91.368 10.808
//-collider
COOBB Y -357.77820000 -127.58280000 62.86559000 -357.76600000 -127.58280000 62.36575000 -355.96570000 -127.58280000 62.91016000 16.00000000
//-collider
COOBB Y -297.17490000 -99.01143000 -22.57167000 -297.48010000 -99.01143000 -22.17559000 -299.25480000 -99.01143000 -24.17407000 16.00490000
//-collider
COAABB Y -400.312 -132.063 24.313 -399.795 -115.445 31.591
//collider
COAABB N -108.308 -106.247 -20.931 -107.761 -90.247 -7.805
//collider
COOBB N -347.97570000 -127.85530000 52.84095000 -347.96460000 -127.85530000 53.34083000 -358.70870000 -127.85530000 53.07835000 16.00000000
//-collider
COOBB Y -211.46940000 -115.17280000 4.88175800 -210.96950000 -115.17280000 4.89285900 -211.49490000 -115.17280000 6.02779900 16.00000000
//-collider
COAABB Y -263.050 -112.303 -81.049 -262.546 -96.303 -77.956
//-collider
COOBB Y -294.13730000 -113.90360000 -89.58904000 -294.12980000 -113.90360000 -90.08897000 -278.28670000 -113.90360000 -89.35019000 16.00000000
//-collider
COAABB Y -262.809 -110.307 -88.796 -262.304 -94.307 -84.779
//-collider
COOBB Y -202.11920000 -110.63640000 -92.27818000 -201.63050000 -110.63640000 -92.17240000 -202.80770000 -110.63640000 -89.09748000 16.00000000
//-collider
COOBB Y -213.44050000 -110.63640000 -125.89630000 -213.44620000 -110.63640000 -126.39630000 -202.72360000 -110.63640000 -126.01900000 16.00000000
//collider
COOBB N -382.26660000 -130.20740000 -5.18513600 -382.64230000 -130.20740000 -5.51501300 -377.66560000 -130.20740000 -10.42576000 16.00000000
//collider
COAABB N -358.044 -121.821 80.397 -347.370 -105.821 80.922
//collider
COAACYLINDER N -304.570 -106.310 -158.580 0.700 2.980
//-collider
COOBB Y -311.50520000 -98.85974000 14.05900000 -311.88310000 -98.85974000 13.73159000 -310.48060000 -98.85974000 12.87650000 16.00488000
//-collider
COOBB Y -366.03710000 -127.58280000 74.22059000 -366.02880000 -127.58280000 74.72051000 -370.60150000 -127.58280000 74.29662000 16.00000000
//-collider
COAABB Y -370.418 -131.290 36.979 -369.867 -115.213 47.611
//-collider
COOBB Y -298.87870000 -99.02611000 -17.61741000 -299.26820000 -99.02611000 -17.93087000 -297.09260000 -99.02611000 -19.83703000 16.00980000
//-collider
COOBB Y -374.27200000 -121.82070000 75.52466000 -374.64170000 -121.82070000 75.18796000 -373.38350000 -121.82070000 74.54916000 16.00000000
//collider
COOBB N -22.22087000 -106.24690000 6.01790900 -22.49457000 -106.24690000 6.43634600 -23.34190000 -106.24690000 5.28464800 16.00000000
//-collider
COOBB Y -381.60380000 -127.58280000 70.09589000 -382.10350000 -127.58280000 70.07820000 -381.48390000 -127.58280000 66.70773000 16.00000000
//-collider
COOBB Y -282.59640000 -106.41670000 140.45790000 -282.99190000 -106.41670000 140.76370000 -286.45340000 -106.41670000 135.46830000 16.00000000
//-collider
COOBB Y -399.81150000 -131.44460000 24.31345000 -400.31130000 -131.44460000 24.32682000 -399.82310000 -131.44460000 23.87754000 16.92793000
//collider
COOBB N -23.33667000 -106.24690000 -5.18600400 -23.59341000 -106.24690000 -5.61505400 -21.88102000 -106.24690000 -6.05705900 16.00000000
//collider
COAABB N -346.591 -130.207 -7.353 -345.987 -114.207 7.370
//-collider
COOBB Y -364.12840000 -127.58280000 62.88857000 -363.85630000 -127.58280000 62.46909000 -362.97630000 -127.58280000 63.63584000 16.00000000
//-collider
COOBB Y -364.14560000 -127.58280000 74.22663000 -364.47900000 -127.58280000 74.59927000 -365.07020000 -127.58280000 73.39943000 16.00000000
//-collider
COOBB Y -262.79970000 -110.86260000 -127.19930000 -262.43190000 -110.86260000 -126.86050000 -267.17760000 -110.86260000 -122.44620000 16.00000000
//-collider
COOBB Y -286.45340000 -106.41670000 135.46830000 -286.08000000 -106.41670000 135.80080000 -291.08810000 -106.41670000 140.67120000 16.00000000
//-collider
COAABB Y -262.053 -110.010 78.182 -242.652 -94.010 78.761
//collider
COOBB N -25.26210000 -106.24690000 20.93449000 -24.90586000 -106.24690000 21.28534000 -28.23783000 -106.24690000 23.95589000 16.00000000
//-collider
COOBB Y -298.84270000 -99.06526000 18.31261000 -299.21770000 -99.06526000 17.98181000 -297.10140000 -99.06526000 16.33896000 16.00244000
//-collider
COAABB Y -345.768 -115.286 101.961 -333.967 -99.286 102.540
//-collider
COOBB Y -279.09880000 -113.71270000 -85.39828000 -279.51710000 -113.71270000 -85.12426000 -280.36400000 -113.71270000 -87.32923000 16.00000000
//-collider
COOBB Y -343.85370000 -130.20740000 24.82002000 -343.48210000 -130.20740000 24.48545000 -340.57460000 -130.20740000 28.46182000 16.00000000
//-collider
COAABB Y -380.704 -130.207 -25.658 -380.200 -114.207 -23.732
//-collider
COAABB Y -347.418 -121.821 80.897 -346.870 -105.821 88.929
//-collider
COOBB Y -297.10820000 -99.03651000 -4.35362300 -297.45790000 -99.03651000 -3.99630500 -299.06080000 -99.03651000 -6.26483700 16.00061000
//collider
COOBB N -350.22190000 -130.20740000 -11.21445000 -349.85740000 -130.20740000 -11.55678000 -346.59110000 -130.20740000 -7.34943900 16.00000000
//-collider
COOBB Y -298.53050000 -110.86260000 -123.95750000 -298.22990000 -110.86260000 -123.55790000 -300.76410000 -110.86260000 -122.27790000 16.00000000
//-collider
COOBB Y -259.73810000 -113.78130000 25.22973000 -259.98850000 -113.78130000 24.79699000 -258.15160000 -113.78130000 24.31154000 16.00000000
//-collider
COOBB Y -278.42800000 -113.71270000 -77.48242000 -278.79100000 -113.71270000 -77.13850000 -280.50640000 -113.71270000 -79.67567000 16.00000000
//-collider
COOBB Y -293.82630000 -113.80650000 -85.28613000 -293.39930000 -113.80650000 -85.54629000 -292.60800000 -113.80650000 -83.28671000 16.00000000
//-collider
COAABB Y -263.303 -113.781 59.323 -262.752 -97.781 71.744
//collider
COOBB N -377.49100000 -130.20740000 10.85349000 -377.87850000 -130.20740000 11.16935000 -382.13780000 -130.20740000 5.15148000 16.00000000
//-collider
COOBB Y -301.53510000 -113.45190000 91.94370000 -301.37700000 -113.45190000 92.41801000 -303.32310000 -113.45190000 92.53996000 16.00000000
//-collider
COOBB Y -379.91690000 -127.58280000 72.00919000 -380.29200000 -127.58280000 72.33984000 -381.60370000 -127.58280000 70.09589000 16.00000000
//-collider
COOBB Y -251.30900000 -110.00960000 126.77070000 -251.65280000 -110.00960000 126.40770000 -249.67180000 -110.00960000 125.22010000 16.00000000
//-collider
COOBB Y -213.39390000 -110.63640000 -89.10170000 -213.86210000 -110.63640000 -88.92606000 -214.60640000 -110.63640000 -92.33305000 16.00000000
//-collider
COOBB Y -191.53680000 -110.63640000 -98.52563000 -191.18160000 -110.63640000 -98.17375000 -199.11570000 -110.63640000 -90.87471000 16.00000000
//-collider
COOBB Y -210.27510000 -113.02570000 3.86745400 -210.77500000 -113.02570000 3.85760800 -210.24910000 -113.02570000 2.54411500 16.00000000
//-collider
COOBB Y -265.47580000 -113.45190000 92.50362000 -265.50690000 -113.45190000 93.00264000 -269.66710000 -113.45190000 92.24211000 16.00000000
//-collider
COAABB Y -299.236 -98.816 24.317 -298.722 -82.811 36.083
//-collider
COOBB Y -297.10120000 -99.06036000 13.74117000 -297.48720000 -99.06036000 14.05901000 -298.07500000 -99.06036000 12.55863000 16.00488000
//collider
COOBB N -97.32589000 -106.24690000 -20.99844000 -96.82590000 -106.24690000 -21.00320000 -97.20179000 -106.24690000 -7.94817000 16.00000000
//-collider
COOBB Y -311.47590000 -98.83589000 -3.99630300 -311.84480000 -98.83589000 -4.33387800 -309.72670000 -98.83589000 -5.90751600 16.00061000
//-collider
COOBB Y -325.13560000 -115.28600000 110.68510000 -324.82380000 -115.28600000 111.07600000 -327.13360000 -115.28600000 112.27870000 16.00000000
//-collider
COAABB Y -297.476 -99.027 -15.797 -296.975 -83.027 -14.033
//-collider
COAABB Y -297.479 -99.035 -9.973 -296.978 -83.033 -8.008
//collider
COOBB N -278.35490000 -115.17280000 14.57166000 -278.31960000 -115.17280000 15.07042000 -280.57500000 -115.17280000 14.72846000 16.00000000
//-collider
COOBB Y -280.09230000 -113.17260000 86.72610000 -280.44480000 -113.17260000 86.37145000 -278.78670000 -113.17260000 85.42855000 16.00000000
//-collider
COOBB Y -226.13550000 -110.63640000 -101.55650000 -226.59080000 -110.63640000 -101.76310000 -224.64410000 -110.63640000 -104.84240000 16.00000000
//collider
COOBB N -260.52160000 -115.17280000 9.99084800 -261.01760000 -115.17280000 10.05430000 -260.77620000 -115.17280000 8.00113500 16.00000000
//collider
COAABB N -285.491 -115.173 -6.473 -283.835 -99.173 -5.964
//-collider
COOBB Y -272.56740000 -113.90360000 -71.99392000 -272.55820000 -113.90360000 -71.49401000 -279.97990000 -113.90360000 -71.85654000 16.00000000
//collider
COOBB N -247.93800000 -115.17280000 7.94627800 -247.45580000 -115.17280000 8.07842400 -248.49970000 -115.17280000 9.99601700 16.00000000
//-collider
COOBB Y -264.44420000 -113.90360000 -89.62461000 -264.05180000 -113.90360000 -89.93452000 -262.80210000 -113.90360000 -87.54572000 16.00000000
//collider
COOBB N -28.28141000 -106.24690000 -24.00195000 -27.92829000 -106.24690000 -24.35593000 -25.30148000 -106.24690000 -21.02933000 16.00000000
//-collider
COOBB Y 4.50270300 -106.24690000 -4.70289900 4.90168400 -106.24690000 -5.00425200 5.38568400 -106.24690000 -3.53386600 16.00000000
//-collider
COOBB Y -293.26100000 -113.45190000 75.93747000 -293.27170000 -113.45190000 75.43759000 -280.13870000 -113.45190000 75.65585000 16.00000000
//-collider
COOBB Y -274.32630000 -111.36700000 -139.05500000 -274.63590000 -111.36700000 -139.44760000 -272.84860000 -111.36700000 -140.22000000 16.50436000
//-collider
COOBB Y -323.48790000 -115.28600000 109.10140000 -323.14140000 -115.28600000 109.46190000 -325.13560000 -115.28600000 110.68510000 16.00000000
//-collider
COAABB Y -192.561 -113.026 -23.201 -192.055 -97.026 -13.021
//collider
COAABB N -21.881 -106.247 -6.557 -4.298 -90.247 -6.024
//-collider
COOBB Y -295.42200000 -110.86260000 -122.39780000 -295.64620000 -110.86260000 -121.95090000 -298.53040000 -110.86260000 -123.95750000 16.00000000
//-collider
COOBB Y -273.55100000 -113.78130000 51.87850000 -273.89680000 -113.78130000 51.51735000 -270.26970000 -113.78130000 48.73665000 16.00000000
//-collider
COOBB Y -242.65160000 -110.00960000 78.68156000 -242.30180000 -110.00960000 78.32436000 -240.83420000 -110.00960000 80.46173000 16.00000000
//collider
COOBB N -262.56270000 -115.17280000 -6.36147900 -262.91000000 -115.17280000 -6.72123100 -260.84300000 -115.17280000 -8.02137300 16.00000000
//-collider
COAABB Y -262.792 -110.010 133.256 -262.270 -94.010 136.927
//-collider
COOBB Y -175.87110000 -107.36820000 12.74501000 -175.52570000 -107.36820000 12.38350000 -174.83380000 -107.36820000 13.73616000 16.00000000
//-collider
COAABB Y -239.255 -110.010 115.082 -238.751 -94.010 133.297
//-collider
COOBB Y -349.97810000 -127.58280000 74.20523000 -349.95660000 -127.58280000 74.70477000 -351.81320000 -127.58280000 74.28443000 16.00000000
//-collider
COOBB Y -295.06380000 -110.86260000 -142.86940000 -294.56420000 -110.86260000 -142.84980000 -295.15440000 -110.86260000 -140.56840000 16.00000000
//-collider
COAABB Y -310.767 -113.702 -82.336 -310.257 -97.702 -78.327
//-collider
COOBB Y -264.63720000 -113.90360000 -77.48266000 -264.29380000 -113.90360000 -77.84610000 -262.55020000 -113.90360000 -75.51089000 16.00000000
//-collider
COOBB Y -370.98870000 -127.58280000 63.82418000 -371.33390000 -127.58280000 63.46246000 -370.01240000 -127.58280000 62.89257000 16.00000000
//-collider
COOBB Y -292.60800000 -113.80650000 -83.28671000 -292.19260000 -113.80650000 -83.00840000 -293.74600000 -113.80650000 -81.58814000 16.00000000
//-collider
COOBB Y -371.95130000 -127.58280000 62.86667000 -371.59860000 -127.58280000 62.51219000 -370.98870000 -127.58280000 63.82418000 16.00000000
//-collider
COAABB Y -310.474 -113.452 71.748 -306.240 -97.452 72.263
//-collider
COOBB Y -363.26860000 -131.19450000 47.40393000 -363.04350000 -131.19450000 46.95744000 -362.22230000 -131.19450000 47.93129000 16.00121000
//-collider
COOBB Y -337.02430000 -127.58280000 65.02161000 -336.66100000 -127.58280000 64.67806000 -335.32050000 -127.58280000 66.82325000 16.00000000
//-collider
COAABB Y -162.065 -107.835 5.288 -139.802 -91.834 5.854
//-collider
COOBB Y -180.87350000 -107.36820000 -13.90419000 -180.51190000 -107.36820000 -13.55883000 -182.70250000 -107.36820000 -11.98943000 16.00000000
//-collider
COAABB Y -321.640 -113.702 -126.445 -310.837 -97.702 -125.878
//collider
COOBB N -275.21880000 -115.17280000 6.01067500 -275.55820000 -115.17280000 6.37783900 -275.79370000 -115.17280000 5.47926000 16.00000000
//-collider
COAABB Y -389.119 -130.207 24.180 -384.792 -114.207 24.687
//-collider
COOBB Y -342.40800000 -130.20740000 -26.04624000 -342.10780000 -130.20740000 -25.64631000 -344.26410000 -130.20740000 -24.65349000 16.00000000
//-collider
COOBB Y -262.79970000 -113.45190000 88.29164000 -262.45240000 -113.45190000 88.65137000 -264.63720000 -113.45190000 90.06539000 16.00000000
//-collider
COOBB Y -217.28060000 -109.86190000 91.41743000 -217.10320000 -109.86190000 90.94998000 -214.30080000 -109.86190000 92.54849000 16.00000000
//-collider
COOBB Y -361.88710000 -127.58280000 74.25349000 -361.89310000 -127.58280000 74.75346000 -364.14560000 -127.58280000 74.22664000 16.00000000
//-collider
COOBB Y -349.74600000 -121.82070000 89.14584000 -350.24570000 -121.82070000 89.16341000 -349.79030000 -121.82070000 87.88587000 16.00000000
//collider
COOBB N -111.22000000 -106.24690000 -6.03583300 -110.97260000 -106.24690000 -6.47035500 -109.75170000 -106.24690000 -5.19997100 16.00000000
//collider
COAABB N -285.989 -115.173 -5.964 -285.443 -99.173 5.953
//-collider
COOBB Y -279.87860000 -106.41670000 122.62060000 -279.88500000 -106.41670000 122.12060000 -277.32050000 -106.41670000 122.58770000 16.00000000
//collider
COAABB N -32.696 -106.247 23.917 -28.238 -90.247 24.456
//-collider
COOBB Y -296.85100000 -109.04420000 -163.69370000 -296.37390000 -109.04420000 -163.54410000 -297.50920000 -109.04420000 -161.59470000 16.00000000
//-collider
COAABB Y -374.808 -127.583 62.932 -374.303 -111.583 64.392
//collider
COAABB N -371.533 -130.207 -18.328 -356.953 -114.207 -17.711
//-collider
COOBB Y -266.75550000 -113.45190000 71.73831000 -266.74130000 -113.45190000 71.23851000 -262.52730000 -113.45190000 71.85809000 16.00000000
//-collider
COAABB Y -179.991 -113.026 -23.648 -175.983 -97.026 -23.148
//-collider
COOBB Y -278.95440000 -113.17260000 81.56665000 -279.39360000 -113.17260000 81.80576000 -280.02910000 -113.17260000 79.59306000 16.00000000
//-collider
COOBB Y -138.42230000 -106.24690000 -3.62142400 -138.79880000 -106.24690000 -3.95045300 -137.52310000 -106.24690000 -4.65033200 16.00000000
//-collider
COAABB Y -358.040 -115.286 89.515 -357.485 -99.286 109.215
//-collider
COOBB Y -305.82030000 -110.86260000 -122.28890000 -306.19270000 -110.86260000 -121.95520000 -310.32190000 -110.86260000 -127.31320000 16.00000000
//-collider
COAABB Y -210.723 -113.026 -3.904 -210.220 -97.026 -2.231
//-collider
COOBB Y -310.34010000 -113.45190000 79.83836000 -310.72310000 -113.45190000 79.51690000 -308.45610000 -113.45190000 77.59388000 16.00000000
//-collider
COOBB Y -163.81720000 -107.83450000 6.78857300 -163.31720000 -107.83450000 6.78192300 -163.76030000 -107.83450000 11.06784000 16.00000000
//-collider
COOBB Y -271.47120000 -113.90360000 -92.34790000 -271.68580000 -113.90360000 -92.79948000 -269.97390000 -113.90360000 -93.05959000 16.00000000
//-collider
COOBB Y -252.08010000 -115.17280000 -23.84580000 -251.92160000 -115.17280000 -24.32001000 -249.60060000 -115.17280000 -23.01697000 16.00000000
//-collider
COOBB Y -241.16600000 -110.30730000 -80.04469000 -240.81770000 -110.30730000 -79.68597000 -243.13430000 -110.30730000 -78.13349000 16.00000000
//collider
COAABB N -97.263 -106.247 7.739 -96.714 -90.247 20.945
//collider
COAABB N -261.003 -115.173 -22.996 -260.500 -99.173 -9.989
//-collider
COAABB Y 4.589 -106.247 -28.716 5.111 -90.247 -6.007
//collider
COOBB N -277.08070000 -115.17280000 -7.07277400 -276.67990000 -115.17280000 -7.37179000 -275.81800000 -115.17280000 -5.38061100 16.00000000
//-collider
COAABB Y -226.778 -109.862 101.500 -226.277 -93.862 102.932
//-collider
COAABB Y -173.987 -113.026 -23.684 -163.829 -91.834 -23.150
//collider
COOBB N -97.26262000 -106.24690000 20.94322000 -96.91440000 -106.24690000 21.30203000 -100.34100000 -106.24690000 23.93070000 16.00000000
//-collider
COOBB Y -309.58450000 -98.82549000 -17.93085000 -309.96300000 -98.82549000 -17.60417000 -311.50020000 -98.82549000 -20.15051000 16.00980000
//collider
COOBB N -377.66560000 -130.20740000 -10.42576000 -377.34840000 -130.20740000 -10.81224000 -375.75460000 -130.20740000 -8.85714600 16.00000000
//-collider
COOBB Y -344.28830000 -130.20740000 24.70539000 -344.16080000 -130.20740000 24.22192000 -343.85370000 -130.20740000 24.82001000 16.00000000
//-collider
COOBB Y -273.83300000 -106.41670000 124.22720000 -274.21050000 -106.41670000 123.89940000 -272.50880000 -106.41670000 122.70190000 16.00000000
//collider
COOBB N -375.01860000 -130.20740000 13.62880000 -375.39690000 -130.20740000 13.30186000 -373.29940000 -130.20740000 11.63949000 16.00000000
//-collider
COOBB Y -321.63630000 -113.70170000 -126.44530000 -321.28560000 -113.70170000 -126.08890000 -323.29130000 -113.70170000 -124.81670000 16.00000000
//-collider
COOBB Y -399.84390000 -130.20740000 6.73547200 -400.20960000 -130.20740000 7.07645300 -401.17670000 -130.20740000 5.30606600 16.00000000
//collider
COOBB N -356.95710000 -130.20740000 -17.71109000 -356.60300000 -130.20740000 -18.06405000 -353.06130000 -130.20740000 -13.80222000 16.00000000
//-collider
COOBB Y -214.60640000 -110.63640000 -92.33305000 -214.29270000 -110.63640000 -91.94371000 -216.83510000 -110.63640000 -90.53734000 16.00000000
//-collider
COOBB Y -297.50930000 -109.04420000 -161.59470000 -297.35190000 -109.04420000 -162.06930000 -295.59630000 -109.04420000 -160.96040000 16.00000000
//-collider
COAABB Y -298.469 -99.055 11.053 -297.961 -83.051 12.876
//-collider
COAABB Y -297.458 -99.037 -3.996 -296.958 -83.037 -2.017
//-collider
COAABB Y -299.393 -113.452 92.573 -295.589 -97.452 93.090
//-collider
COOBB Y -280.36410000 -113.71270000 -87.32922000 -280.70800000 -113.71270000 -87.69217000 -278.14410000 -113.71270000 -89.43271000 16.00000000
//-collider
COOBB Y -340.55900000 -130.20740000 -27.60849000 -340.23630000 -130.20740000 -27.22657000 -342.40800000 -130.20740000 -26.04624000 16.00000000
//-collider
COOBB Y -293.91590000 -113.45190000 89.43940000 -293.47430000 -113.45190000 89.67389000 -295.58870000 -113.45190000 92.58974000 16.00000000
//-collider
COOBB Y -355.74900000 -115.28600000 110.93520000 -356.10120000 -115.28600000 111.29010000 -357.48460000 -115.28600000 109.21340000 16.00000000
//-collider
COAABB Y -359.142 -131.174 37.060 -358.550 -115.135 47.796
//collider
COAABB N -137.732 -106.247 5.926 -110.812 -90.247 6.501
//-collider
COOBB Y 5.38568400 -106.24690000 -3.53386600 5.88565800 -106.24690000 -3.53905300 5.45932800 -106.24690000 3.56360200 16.00000000
//-collider
COOBB Y -342.52850000 -127.58280000 72.17816000 -342.02900000 -127.58280000 72.15661000 -342.43880000 -127.58280000 74.25738000 16.00000000
//-collider
COAABB Y -274.220 -113.781 54.770 -273.623 -97.781 71.309
//collider
COOBB N -371.48860000 -130.20740000 17.68600000 -371.86580000 -130.20740000 18.01419000 -375.01860000 -130.20740000 13.62880000 16.00000000
//-collider
COOBB Y -310.76500000 -113.70170000 -129.74390000 -310.26510000 -113.70170000 -129.73320000 -310.83720000 -113.70170000 -126.37820000 16.00000000
//-collider
COOBB Y -202.99630000 -109.86190000 89.16376000 -202.51010000 -109.86190000 89.04733000 -202.18180000 -109.86190000 92.56567000 16.00000000
//collider
COOBB N -275.40920000 -115.17280000 -5.84520000 -275.41550000 -115.17280000 -6.34516000 -264.49340000 -115.17280000 -5.98237600 16.00000000
//-collider
COOBB Y -182.65400000 -107.36820000 11.95980000 -182.30040000 -107.36820000 11.60629000 -180.88370000 -107.36820000 13.73055000 16.00000000
//-collider
COOBB Y -262.29760000 -110.27040000 -126.21160000 -262.79750000 -110.27040000 -126.22120000 -262.23100000 -110.27040000 -129.67150000 16.00613000
//-collider
COAABB Y -249.227 -113.781 42.262 -248.622 -97.781 54.777
//-collider
COOBB Y -179.97900000 -113.02570000 23.16575000 -180.31150000 -113.02570000 23.53915000 -180.94580000 -113.02570000 22.30481000 16.00000000
//-collider
COOBB Y -298.10940000 -99.05058000 11.40248000 -298.46920000 -99.05058000 11.05528000 -297.09130000 -99.05058000 10.34741000 16.00244000
//collider
COAABB N -36.273 -106.247 7.740 -35.700 -90.247 21.024
//-collider
COAABB Y -226.733 -110.636 -105.719 -226.220 -94.636 -102.287
//collider
COAABB N -108.271 -106.247 7.756 -107.755 -90.247 20.993
//-collider
COOBB Y -279.97990000 -113.90360000 -71.85654000 -280.47990000 -113.90360000 -71.85163000 -280.02620000 -113.90360000 -76.57487000 16.00000000
//collider
COOBB N -281.94030000 -115.17280000 -6.93923500 -282.44030000 -115.17280000 -6.93479300 -281.99550000 -115.17280000 -13.14285000 16.00000000
//-collider
COAABB Y -311.072 -98.830 -12.973 -310.572 -82.828 -10.979
//-collider
COAABB Y -209.292 -113.026 -5.726 -192.091 -97.026 -5.184
//collider
COOBB N -244.38930000 -115.17280000 6.05683700 -244.32000000 -115.17280000 6.55201100 -246.46180000 -115.17280000 6.34687800 16.00000000
//-collider
COAABB Y -263.023 -112.303 -59.904 -253.136 -96.303 -59.399
//-collider
COOBB Y -258.21830000 -115.17280000 23.77998000 -258.50300000 -115.17280000 24.19100000 -259.18450000 -115.17280000 23.11064000 16.00000000
//-collider
COOBB Y -310.53450000 -98.83772000 -0.97669200 -310.90510000 -98.83772000 -0.64112360 -311.47620000 -98.83772000 -2.01690100 16.00122000
//-collider
COOBB Y -276.23120000 -111.36700000 -140.32390000 -275.95400000 -111.36700000 -140.74000000 -274.32630000 -111.36700000 -139.05500000 16.50436000
//-collider
COOBB Y -286.46490000 -106.41670000 128.10720000 -286.84480000 -106.41670000 127.78210000 -284.36450000 -106.41670000 125.65210000 16.00000000
//-collider
COOBB Y -273.62320000 -113.78130000 54.77316000 -274.12300000 -113.78130000 54.76069000 -273.55100000 -113.78130000 51.87850000 16.00000000
//collider
COAABB N -25.262 -106.247 7.780 -24.742 -90.247 20.935
//-collider
COOBB Y -162.06330000 -107.83450000 5.28772500 -162.42840000 -107.83450000 5.62936700 -163.08780000 -107.83450000 4.19299800 16.00000000
//-collider
COAABB Y -334.272 -113.702 -132.411 -333.765 -97.702 -82.114
//collider
COOBB N -35.77311000 -106.24690000 7.74042400 -36.15907000 -106.24690000 8.05828600 -37.74247000 -106.24690000 5.34916400 16.00000000
//-collider
COOBB Y -380.71520000 -130.20740000 23.80453000 -380.21530000 -130.20740000 23.79366000 -380.67440000 -130.20740000 25.68305000 16.00000000
//-collider
COOBB Y -216.83510000 -110.63640000 -90.53734000 -217.21720000 -110.63640000 -90.21484000 -226.13550000 -110.63640000 -101.55650000 16.00000000
//-collider
COAABB Y -396.108 -132.063 35.330 -371.386 -115.445 35.831
//-collider
COOBB Y -191.21570000 -110.63640000 -116.50830000 -190.79090000 -110.63640000 -116.24450000 -193.00990000 -110.63640000 -113.61900000 16.00000000
//-collider
COAABB Y -348.772 -130.207 23.690 -348.259 -114.207 25.651
//-collider
COAABB Y -389.240 -130.207 -24.702 -384.783 -114.207 -24.200
//-collider
COAABB Y -299.215 -113.847 60.190 -298.711 -97.817 71.863
//-collider
COOBB Y -335.33320000 -127.58280000 70.24794000 -334.98410000 -127.58280000 70.60590000 -337.24110000 -127.58280000 72.10862000 16.00000000
//-collider
COAABB Y -323.291 -113.702 -124.817 -322.742 -97.702 -90.626
//collider
COOBB N -382.13780000 -130.20740000 5.15148100 -382.12810000 -130.20740000 5.65138800 -388.34950000 -130.20740000 5.27108800 16.00000000
//-collider
COOBB Y -349.04530000 -127.58280000 73.24615000 -348.68690000 -127.58280000 73.59476000 -349.97810000 -127.58280000 74.20523000 16.00000000
//-collider
COOBB Y -173.26810000 -107.36820000 5.93250600 -173.63890000 -107.36820000 6.26798200 -174.22210000 -107.36820000 4.87817400 16.00000000
//-collider
COAABB Y -237.675 -110.307 -102.310 -226.723 -94.307 -101.790
//-collider
COOBB Y -365.78230000 -127.58280000 62.83575000 -365.76640000 -127.58280000 62.33600000 -364.12840000 -127.58280000 62.88857000 16.00000000
//-collider
COOBB Y -309.53390000 -98.86464000 17.98179000 -309.88860000 -98.86464000 18.33416000 -311.49430000 -98.86464000 16.00817000 16.00244000
//-collider
COOBB Y -260.49950000 -115.17280000 -22.99605000 -260.49130000 -115.17280000 -23.49598000 -259.25240000 -115.17280000 -22.97561000 16.00000000
//-collider
COAABB Y -329.543 -113.702 -78.329 -310.767 -97.702 -77.805
//-collider
COOBB Y -347.14460000 -115.28600000 101.23910000 -346.80170000 -115.28600000 100.87530000 -345.76500000 -115.28600000 102.53960000 16.00000000
//-collider
COAABB Y -262.271 -110.307 -78.188 -243.134 -94.307 -77.633
//-collider
COAABB Y -174.741 -107.368 6.861 -174.221 -91.368 10.912
//-collider
COAABB Y -293.916 -113.452 89.338 -278.283 -97.452 89.939
//-collider
COOBB Y -397.69760000 -132.68180000 33.76156000 -398.05720000 -132.68180000 34.10896000 -399.79520000 -132.68180000 31.59016000 16.61862000
//-collider
COOBB Y -175.98270000 -113.02570000 -23.14773000 -175.64020000 -113.02570000 -23.51199000 -174.99620000 -113.02570000 -22.22016000 16.00000000
//-collider
COOBB Y -311.50360000 -109.04420000 -155.49800000 -311.75600000 -109.04420000 -155.06650000 -313.50930000 -109.04420000 -156.67140000 16.00000000
//-collider
COAABB Y -348.824 -130.207 -25.447 -348.318 -114.207 -23.836
//-collider
COAABB Y -262.309 -110.307 -89.296 -251.307 -94.307 -88.741
//-collider
COAABB Y -335.333 -127.583 66.823 -334.821 -111.583 70.250
//collider
COAACYLINDER N -414.000 -126.490 3.700 0.700 2.980
//-collider
COAABB Y -310.751 -113.702 -88.913 -310.249 -97.702 -84.660
//collider
COOBB N -369.27870000 -121.82070000 75.94864000 -368.77880000 -121.82070000 75.95417000 -369.32370000 -121.82070000 80.00990000 16.00000000
//-collider
COOBB Y -262.79970000 -113.90360000 -79.25639000 -262.45240000 -113.90360000 -78.89664000 -264.63720000 -113.90360000 -77.48264000 16.00000000
//-collider
COOBB Y -137.50020000 -106.24690000 4.85732800 -137.87990000 -106.24690000 5.18263100 -138.39770000 -106.24690000 3.80968400 16.00000000
//-collider
COAABB Y -239.251 -110.307 -100.603 -238.743 -94.307 -81.885
//collider
COOBB N -276.85710000 -115.17280000 13.08173000 -276.50450000 -115.17280000 13.43620000 -278.35480000 -115.17280000 14.57166000 16.00000000
//-collider
COAABB Y -239.243 -110.010 82.234 -238.736 -94.010 101.504
//-collider
COAABB Y -374.772 -121.821 75.525 -374.230 -105.821 88.710
//-collider
COOBB Y -253.13560000 -112.30270000 -59.40379000 -252.75410000 -112.30270000 -59.72692000 -251.42650000 -112.30270000 -57.38569000 16.00000000
//-collider
COOBB Y -267.17760000 -110.86260000 -122.44620000 -267.18480000 -110.86260000 -121.94620000 -282.01950000 -110.86260000 -122.65920000 16.00000000
//collider
COOBB N -246.55780000 -115.17280000 -6.37821800 -246.47930000 -115.17280000 -6.87201600 -244.43540000 -115.17280000 -6.04076900 16.00000000
//-collider
COOBB Y -362.97630000 -127.58280000 63.63584000 -363.27560000 -127.58280000 63.23529000 -361.80920000 -127.58280000 62.76375000 16.00000000
//-collider
COOBB Y -384.31800000 -130.20740000 -23.76552000 -384.81770000 -130.20740000 -23.78035000 -384.26350000 -130.20740000 -25.60017000 16.00000000
//-collider
COOBB Y -278.78670000 -113.17260000 85.42854000 -279.21580000 -113.17260000 85.68531000 -280.25950000 -113.17260000 82.96758000 16.00000000
//-collider
COOBB Y -302.29660000 -109.04420000 -151.67590000 -301.92310000 -109.04420000 -151.34360000 -303.30590000 -109.04420000 -150.54170000 16.00000000
//-collider
COOBB Y -277.93100000 -113.17260000 89.56358000 -278.32870000 -113.17260000 89.86656000 -280.09230000 -113.17260000 86.72610000 16.00000000
//-collider
COOBB Y -239.25090000 -110.30730000 -81.88478000 -238.90450000 -110.30730000 -81.52425000 -241.16600000 -110.30730000 -80.04468000 16.00000000
//-collider
COOBB Y -299.39030000 -113.45190000 92.57315000 -299.53110000 -113.45190000 93.05292000 -301.53520000 -113.45190000 91.94370000 16.00000000
//-collider
COOBB Y -356.18120000 -127.58280000 74.23036000 -356.53400000 -127.58280000 74.58470000 -356.98550000 -127.58280000 73.42963000 16.00000000
//-collider
COAABB Y -298.516 -99.041 -0.977 -298.015 -83.038 1.053
//-collider
COOBB Y 4.47837800 -106.24690000 4.95851200 4.97791400 -106.24690000 4.93696500 5.42723300 -106.24690000 26.95602000 16.00000000
//-collider
COAABB Y -308.489 -106.417 128.036 -307.980 -90.417 129.587
//-collider
COOBB Y -249.60060000 -115.17280000 -23.01697000 -249.60510000 -115.17280000 -23.51695000 -248.61300000 -115.17280000 -23.02584000 16.00000000
//-collider
COOBB Y -369.86720000 -131.44460000 36.98153000 -370.23520000 -131.44460000 37.31999000 -371.38640000 -131.44460000 35.32959000 16.15465000
//-collider
COOBB Y -333.95660000 -115.28600000 81.98709000 -334.30490000 -115.28600000 81.62839000 -332.15620000 -115.28600000 80.23883000 16.00000000
//-collider
COAABB Y -310.269 -98.936 -35.572 -309.710 -82.882 -24.354
//-collider
COOBB Y -257.02320000 -112.30270000 -24.26561000 -257.19480000 -112.30270000 -23.79599000 -259.98080000 -112.30270000 -25.34653000 16.00000000
//-collider
COOBB Y -272.98110000 -113.90360000 -93.04819000 -272.77080000 -113.90360000 -93.50178000 -271.47110000 -113.90360000 -92.34789000 16.00000000
//collider
COAABB N -104.772 -106.247 23.931 -100.339 -90.247 24.449
//-collider
COAABB Y -270.272 -113.781 48.200 -259.772 -97.781 48.737
//-collider
COOBB Y -302.02140000 -109.04420000 -149.20340000 -301.52250000 -109.04420000 -149.23680000 -301.66330000 -109.04420000 -143.85960000 16.00000000
//-collider
COOBB Y -292.28810000 -113.74930000 87.16894000 -292.63500000 -113.74930000 87.52904000 -293.78210000 -113.74930000 85.72975000 16.00000000
//-collider
COAABB Y -262.300 -109.985 89.300 -251.562 -93.973 89.849
//-collider
COOBB Y -298.16410000 -99.03835000 -0.62037250 -298.51490000 -99.03835000 -0.97669560 -297.10740000 -99.03835000 -1.66058100 16.00122000
//collider
COOBB N -37.71289000 -106.24690000 -5.25008500 -38.11045000 -106.24690000 -5.55331600 -35.76472000 -106.24690000 -7.80427900 16.00000000
//-collider
COOBB Y -365.78570000 -131.21260000 47.44578000 -365.76570000 -131.21260000 47.94537000 -369.91830000 -131.21260000 47.61147000 16.00967000
//-collider
COOBB Y -347.79200000 -127.58280000 74.22855000 -348.10050000 -127.58280000 74.62207000 -349.04530000 -127.58280000 73.24614000 16.00000000
//-collider
COOBB Y -275.84820000 -106.41670000 124.15450000 -275.83020000 -106.41670000 123.65480000 -273.83300000 -106.41670000 124.22720000 16.00000000
//collider
COAABB N -32.747 -106.247 -24.502 -28.281 -90.247 -23.973
//-collider
COOBB Y -237.67390000 -110.30730000 -102.30960000 -237.30580000 -110.30730000 -101.97110000 -239.24340000 -110.30730000 -100.60310000 16.00000000
//-collider
COOBB Y -297.12820000 -99.04323000 1.61875200 -297.46070000 -99.04323000 1.99216900 -298.18340000 -99.04323000 0.67914220 16.00244000
//-collider
COAABB Y -311.036 -98.840 -0.977 -310.535 -82.838 1.053
//-collider
COOBB Y -163.75920000 -107.83450000 -7.23800700 -163.40610000 -107.83450000 -6.88401300 -164.86040000 -107.83450000 -6.13954400 16.00000000
//-collider
COOBB Y -198.55410000 -109.86190000 91.09523000 -198.18990000 -109.86190000 90.75262000 -191.36550000 -109.86190000 98.73621000 16.00000000
//-collider
COAABB Y -262.550 -113.904 -75.511 -262.049 -97.904 -72.256
//-collider
COOBB Y -308.38220000 -109.04420000 -150.46890000 -308.70960000 -109.04420000 -150.09100000 -312.14520000 -109.04420000 -153.73000000 16.00000000
//-collider
COAABB Y -282.596 -106.417 140.456 -279.439 -90.417 140.958
//-collider
COAABB Y -192.592 -113.026 -11.096 -192.082 -97.026 -5.184
//-collider
COOBB Y -237.77660000 -110.00960000 113.24470000 -237.38660000 -110.00960000 113.55760000 -239.25090000 -110.00960000 115.08220000 16.00000000
//-collider
COOBB Y -277.86340000 -113.17260000 77.48876000 -278.19520000 -113.17260000 77.86283000 -279.94450000 -113.17260000 75.64291000 16.00000000
//-collider
COAABB Y -138.933 -106.247 -3.625 -138.422 -90.247 -2.282
//-collider
COOBB Y -362.22230000 -131.19570000 47.93129000 -361.72240000 -131.19570000 47.92279000 -362.20130000 -131.19570000 49.16700000 16.00122000
//-collider
COOBB Y -358.04060000 -127.58280000 74.27923000 -358.05040000 -127.58280000 74.77914000 -359.98160000 -127.58280000 74.24139000 16.00000000
//-collider
COAABB Y -400.284 -130.207 -23.764 -399.783 -114.207 -6.695
//-collider
COAABB Y -307.211 -106.417 130.810 -306.702 -90.417 132.361
//-collider
COOBB Y -214.30080000 -109.86190000 92.54850000 -214.78300000 -109.86190000 92.41632000 -213.36220000 -109.86190000 89.12431000 16.00000000
//-collider
COAABB Y -293.102 -113.904 -76.575 -280.025 -97.904 -76.036
//collider
COOBB N -35.78056000 -106.24690000 -21.00556000 -36.13003000 -106.24690000 -21.36315000 -32.74388000 -106.24690000 -23.97323000 16.00000000
//-collider
COAABB Y -310.414 -113.904 -71.756 -305.653 -97.904 -71.223
//-collider
COOBB Y -301.66330000 -109.04420000 -143.85960000 -301.68290000 -109.04420000 -143.36000000 -302.59190000 -109.04420000 -143.89620000 16.00000000
//-collider
COOBB Y -311.49320000 -98.82610000 -15.79727000 -311.86580000 -98.82610000 -16.13065000 -309.58440000 -98.82610000 -17.93087000 16.00061000
//-collider
COAABB Y -260.397 -115.173 23.104 -259.185 -99.173 23.611
//-collider
COOBB Y -309.73070000 -98.84506000 6.02278100 -310.10920000 -98.84506000 6.34951500 -311.47920000 -98.84506000 3.99742700 16.00122000
//-collider
COOBB Y -191.12930000 -113.02570000 12.05326000 -191.50080000 -113.02570000 12.38792000 -192.22070000 -113.02570000 10.84189000 16.00000000
//-collider
COOBB Y -173.18320000 -107.36820000 -11.88332000 -173.54330000 -107.36820000 -11.53648000 -174.95370000 -107.36820000 -13.72167000 16.00000000
//collider
COOBB N 5.40316900 -106.24690000 5.87689400 5.40779400 -106.24690000 6.37687300 -4.57734400 -106.24690000 5.96921000 16.00000000
//-collider
COOBB Y -292.57900000 -113.74930000 91.34959000 -292.87560000 -113.74930000 91.75209000 -294.72240000 -113.74930000 89.76993000 16.00000000
//-collider
COAABB Y -174.001 -113.026 23.133 -163.772 -91.834 23.650
//collider
COAABB N -358.543 -121.821 80.922 -358.037 -105.821 83.875
//-collider
COOBB Y -369.80910000 -121.82070000 74.18311000 -369.33020000 -121.82070000 74.03926000 -369.27870000 -121.82070000 75.94864000 16.00000000
//-collider
COAABB Y -384.286 -130.207 23.305 -380.715 -114.207 23.805
//-collider
COOBB Y -311.43420000 -98.87444000 19.99062000 -311.79750000 -98.87444000 19.64701000 -309.53390000 -98.87444000 17.98179000 16.00980000
//-collider
COOBB Y -198.94330000 -110.63640000 -124.06210000 -198.59380000 -110.63640000 -124.41970000 -191.21570000 -110.63640000 -116.50830000 16.00000000
//-collider
COAABB Y -192.058 -113.026 -23.754 -181.945 -97.026 -23.201
//-collider
COOBB Y -359.04660000 -127.58280000 63.59495000 -359.29590000 -127.58280000 63.16150000 -357.77820000 -127.58280000 62.86560000 16.00000000
//-collider
COAABB Y -163.773 -107.835 13.074 -163.248 -91.834 23.134
//-collider
COOBB Y -239.24330000 -110.00960000 101.50370000 -238.93830000 -110.00960000 101.10750000 -237.82560000 -110.00960000 102.59520000 16.00000000
//-collider
COOBB Y -310.41890000 -113.45190000 75.57076000 -310.91880000 -113.45190000 75.57880000 -310.47210000 -113.45190000 72.26260000 16.00000000
//-collider
COAABB Y -213.362 -109.862 88.624 -202.994 -93.862 89.164
//collider
COOBB N -37.74247000 -106.24690000 5.34916400 -37.45483000 -106.24690000 5.75814100 -38.66468000 -106.24690000 5.99777700 16.00000000
//-collider
COOBB Y -292.24440000 -113.74930000 83.35634000 -292.63390000 -113.74930000 83.66983000 -293.74080000 -113.74930000 81.49695000 16.00000000
//-collider
COAABB Y -297.482 -99.016 -22.176 -296.980 -83.011 -20.150
//-collider
COAABB Y -297.461 -99.044 1.992 -296.961 -83.043 3.998
//-collider
COOBB Y -308.43080000 -113.90360000 -77.54430000 -308.77810000 -113.90360000 -77.18461000 -310.32190000 -113.90360000 -79.37028000 16.00000000
//-collider
COAABB Y -310.989 -98.855 11.055 -310.481 -82.850 12.879
//-collider
COOBB Y -279.79950000 -113.17260000 91.37852000 -280.14790000 -113.17260000 91.01986000 -277.93100000 -113.17260000 89.56358000 16.00000000
//-collider
COOBB Y -239.25470000 -110.00960000 133.29710000 -238.91630000 -110.00960000 133.66520000 -241.39380000 -110.00960000 135.26320000 16.00000000
//collider
COOBB N -94.16066000 -106.24690000 5.99996200 -94.40038000 -106.24690000 6.43874700 -95.40545000 -106.24690000 5.31988900 16.00000000
//-collider
COOBB Y -286.45040000 -110.86260000 -127.52960000 -286.08590000 -110.86260000 -127.18730000 -291.23240000 -110.86260000 -122.43770000 16.00000000
//-collider
COOBB Y -373.38350000 -121.82070000 74.54917000 -373.83590000 -121.82070000 74.76199000 -374.49950000 -121.82070000 72.17668000 16.00000000
//-collider
COOBB Y -297.09240000 -99.02672000 -16.11897000 -297.47520000 -99.02672000 -15.79729000 -298.88540000 -99.02672000 -18.25254000 16.00061000
//-collider
COAABB Y -279.439 -106.417 140.455 -277.065 -90.417 140.956
//-collider
COOBB Y -342.20900000 -130.20740000 -34.04681000 -341.81450000 -130.20740000 -34.35407000 -340.57590000 -130.20740000 -31.95041000 16.00000000
//-collider
COOBB Y -262.79970000 -106.41670000 136.29160000 -262.44370000 -106.41670000 136.64280000 -266.90550000 -106.41670000 140.45430000 16.00000000
//-collider
COAABB Y -213.394 -110.636 -89.102 -202.808 -94.636 -88.597
//-collider
COAABB Y -226.739 -109.862 113.438 -226.233 -93.862 115.543
//-collider
COOBB Y -138.50230000 -107.83450000 3.82280000 -138.12120000 -107.83450000 4.14641300 -139.80240000 -107.83450000 5.35409700 16.00000000
//-collider
COAABB Y -163.831 -107.835 -23.152 -163.291 -91.834 -13.053
//-collider
COOBB Y -279.84130000 -113.45190000 72.05925000 -279.83680000 -113.45190000 71.55927000 -272.56760000 -113.45190000 72.12459000 16.00000000
//-collider
COAABB Y -303.067 -98.826 23.796 -299.234 -82.816 24.318
//-collider
COOBB Y -354.01530000 -127.58280000 74.26098000 -354.02240000 -127.58280000 74.76093000 -356.18120000 -127.58280000 74.23037000 16.00000000
//collider
COOBB N -97.20179000 -106.24690000 -7.94817000 -96.78985000 -106.24690000 -8.23155500 -95.37078000 -106.24690000 -5.28655000 16.00000000
//-collider
COOBB Y -291.23240000 -110.86260000 -122.43770000 -291.22760000 -110.86260000 -121.93780000 -295.42200000 -110.86260000 -122.39780000 16.00000000
//-collider
COOBB Y -202.72360000 -110.63640000 -126.01900000 -202.23800000 -110.63640000 -126.13820000 -201.91780000 -110.63640000 -122.73600000 16.00000000
//collider
COOBB N -260.84310000 -115.17280000 -8.02136900 -261.33580000 -115.17280000 -8.10651200 -260.50320000 -115.17280000 -9.98864400 16.00000000
