COCOUNT 548
//collider
COAABB N 66.017 -106.675 5.534 79.801 -66.621 6.041
//-collider
COOBB Y 378.87110000 -105.00000000 33.22318000 379.17060000 -105.00000000 33.62354000 376.20020000 -105.00000000 35.22142000 70.00000000
//-collider
COAABB Y 118.000 -105.000 -28.900 121.500 -35.000 -28.400
//collider
COOBB N 352.80510000 -105.00000000 7.31277500 352.30750000 -105.00000000 7.36224400 352.69720000 -105.00000000 6.22805600 70.00000000
//collider
COOBB N 99.00000000 -105.00000000 16.59999000 99.22360000 -105.00000000 16.15278000 102.00000000 -105.00000000 18.09999000 70.00000000
//-collider
COOBB Y 274.79060000 -78.20000000 -12.05495000 275.18220000 -78.20000000 -12.36581000 275.65170000 -78.20000000 -10.97010000 30.00000000
//-collider
COOBB Y 197.50000000 -105.50000000 -4.90001600 197.97430000 -105.50000000 -5.05813000 198.50000000 -105.50000000 -1.90001700 70.00000000
//-collider
COOBB Y 282.50540000 -72.72844000 -13.90376000 282.84920000 -72.72844000 -13.54067000 281.61480000 -72.72844000 -13.06060000 30.00000000
//-collider
COOBB Y 131.13580000 -105.00000000 -40.36791000 131.13110000 -105.00000000 -40.86789000 134.50000000 -105.00000000 -40.40001000 70.15857000
//-collider
COOBB Y 141.55060000 -85.94293000 -20.87484000 141.85830000 -85.94293000 -20.48073000 140.45160000 -85.94293000 -20.01684000 8.05682400
//collider
COOBB N 147.00000000 -105.00000000 16.59999000 147.15810000 -105.00000000 16.12564000 150.00000000 -105.00000000 17.59999000 70.00000000
//-collider
COOBB Y 117.94930000 -105.00000000 -24.18533000 117.44930000 -105.00000000 -24.19134000 118.00000000 -105.00000000 -28.40001000 70.00000000
//-collider
COOBB Y 169.00000000 -105.50000000 -28.40001000 169.25720000 -105.50000000 -28.82876000 171.50000000 -105.50000000 -26.90001000 70.00000000
//collider
COOBB N 385.02850000 -78.18292000 12.57341000 384.94790000 -78.18292000 12.75649000 383.44510000 -78.18292000 11.87683000 17.87950000
//-collider
COOBB Y 93.50000000 -105.00000000 49.59999000 93.68570000 -105.00000000 50.06423000 91.00000000 -105.00000000 50.59999000 70.00000000
//-collider
COOBB Y 139.00000000 -105.00000000 75.09999000 138.91780000 -105.00000000 75.59319000 136.00000000 -105.00000000 74.59999000 70.00000000
//-collider
COAABB Y -1.000 -105.000 -9.400 14.120 -35.000 -8.848
//-collider
COOBB Y 292.75010000 -105.00000000 -12.06041000 293.12550000 -105.00000000 -12.39067000 293.80550000 -105.00000000 -10.86083000 70.00000000
//-collider
COAABB Y 117.744 -105.000 28.100 121.502 -34.871 28.617
//-collider
COOBB Y 125.50000000 -105.00000000 -42.90001000 125.85350000 -105.00000000 -42.54645000 123.50000000 -105.00000000 -40.90001000 70.00000000
//-collider
COOBB Y 266.64620000 -105.00000000 -5.78719100 266.26220000 -105.00000000 -5.46694100 265.33470000 -105.00000000 -7.35970500 70.00000000
//-collider
COAABB Y -1.000 -105.000 8.600 13.500 -35.000 9.100
//-collider
COOBB Y 159.88590000 -105.00000000 26.66390000 159.42050000 -105.00000000 26.48115000 160.50000000 -105.00000000 25.09999000 70.00000000
//-collider
COOBB Y 293.85440000 -105.00000000 -13.24570000 294.22020000 -105.00000000 -12.90486000 292.75010000 -105.00000000 -12.06039000 70.00000000
//collider
COOBB N 390.94000000 -74.50343000 6.58904800 390.86620000 -74.50343000 6.40318100 392.57080000 -74.50343000 5.94084600 15.97499000
//-collider
COOBB Y 90.99999000 -105.00000000 -50.90001000 91.25724000 -105.00000000 -51.32876000 93.49999000 -105.00000000 -49.40002000 70.00000000
//-collider
COOBB Y 137.50000000 -105.00000000 28.09999000 137.14650000 -105.00000000 28.45354000 135.50000000 -105.00000000 26.09999000 70.00000000
//collider
COAABB N 66.189 -106.621 22.347 73.486 -66.621 22.906
//-collider
COAABB Y 110.500 -105.000 28.100 116.500 -35.000 28.600
//-collider
COAABB Y 148.000 -105.000 53.600 148.500 -35.000 64.100
//collider
COOBB N 374.39540000 -74.50343000 -13.15861000 374.31880000 -74.50343000 -12.97389000 372.77470000 -74.50343000 -13.83169000 15.97499000
//-collider
COOBB Y 93.49999000 -105.00000000 -49.40001000 93.89999000 -105.00000000 -49.10001000 91.99999000 -105.00000000 -47.40001000 70.00000000
//-collider
COOBB Y 171.50000000 -105.50000000 -26.90002000 171.22270000 -105.50000000 -27.31604000 173.00000000 -105.50000000 -27.90002000 70.00000000
//-collider
COOBB Y 132.85250000 -85.94293000 -11.04819000 132.65320000 -85.94293000 -10.58961000 131.37460000 -85.94293000 -11.69030000 8.00000000
//-collider
COOBB Y 82.05544000 -106.62070000 42.75875000 81.63332000 -106.62070000 42.49077000 82.83537000 -106.62070000 41.53021000 40.00000000
//-collider
COOBB Y 121.11440000 -85.96000000 10.80772000 121.42390000 -85.96000000 10.41508000 123.60590000 -85.96000000 12.77209000 8.00000000
//-collider
COAABB Y 134.500 -105.000 29.600 135.000 -35.000 40.100
//collider
COOBB N 391.93090000 -78.20000000 4.33372400 392.00690000 -78.20000000 4.51876200 390.32820000 -78.20000000 4.99146000 14.21707000
//collider
COAABB N 331.433 -105.000 6.223 352.697 -35.000 6.728
//collider
COOBB N 384.32080000 -74.50343000 14.17932000 384.13780000 -74.50343000 14.09867000 385.02850000 -74.50343000 12.57341000 15.97499000
//-collider
COOBB Y 159.50000000 -105.00000000 23.09998000 159.14650000 -105.00000000 22.74643000 161.00000000 -105.00000000 21.59998000 70.00000000
//-collider
COAABB Y 186.000 -105.000 1.600 186.500 -35.000 28.100
//-collider
COOBB Y 160.50000000 -105.50000000 -17.40001000 160.05280000 -105.50000000 -17.17640000 159.50000000 -105.50000000 -19.40001000 70.00000000
//-collider
COOBB Y 141.12860000 -85.94293000 -10.97840000 141.13550000 -85.94293000 -10.47845000 136.84700000 -85.94293000 -10.91872000 8.00000000
//-collider
COOBB Y 170.60000000 -78.20000000 22.91000000 171.07430000 -78.20000000 22.75189000 171.10000000 -78.20000000 24.41000000 8.00000000
//-collider
COOBB Y 171.10000000 -78.20000000 -6.09000100 171.54720000 -78.20000000 -5.86639500 170.10000000 -78.20000000 -4.09000200 8.00000000
//-collider
COOBB Y 82.80727000 -106.62070000 -37.80936000 82.37513000 -106.62070000 -37.55787000 81.66219000 -106.62070000 -39.77697000 40.00000000
//-collider
COOBB Y 116.25710000 -105.00000000 24.93045000 116.75560000 -105.00000000 24.89224000 116.50000000 -105.00000000 28.09999000 70.00000000
//-collider
COOBB Y 14.11844000 -105.00000000 -8.84808300 14.48871000 -105.00000000 -9.18408000 18.58987000 -105.00000000 -3.92042900 70.00000000
//-collider
COOBB Y 93.73795000 -106.62070000 -20.83593000 93.95782000 -106.62070000 -20.38687000 90.80045000 -106.62070000 -19.39767000 40.00000000
//collider
COOBB N 372.77470000 -78.18292000 -13.83168000 372.95950000 -78.18292000 -13.75507000 372.11220000 -78.18292000 -12.23377000 17.87950000
//-collider
COAABB Y 68.292 -105.000 50.524 80.500 -34.871 51.100
//-collider
COOBB Y 81.57164000 -106.62070000 27.74889000 81.17940000 -106.62070000 27.43882000 82.82906000 -106.62070000 26.15820000 40.00000000
//collider
COOBB N 390.33340000 -78.20000000 -4.66146600 390.41440000 -78.20000000 -4.84432400 391.89560000 -78.20000000 -3.96907800 14.20000000
//-collider
COAABB Y 81.300 -106.800 -4.100 81.800 -66.800 3.400
//-collider
COOBB Y 159.50000000 -105.50000000 -23.40001000 159.05280000 -105.50000000 -23.62362000 160.50000000 -105.50000000 -25.40001000 70.00000000
//-collider
COOBB Y 93.79343000 -106.62070000 6.90422500 93.41195000 -106.62070000 6.58101200 94.86897000 -106.62070000 5.63477600 40.00000000
//-collider
COOBB Y 84.00000000 -105.00000000 50.59999000 83.81430000 -105.00000000 51.06423000 81.50000000 -105.00000000 49.59999000 70.00000000
//-collider
COAABB Y 124.500 -105.000 77.600 135.000 -35.000 78.100
//-collider
COOBB Y 247.35850000 -105.00000000 5.30603400 246.87550000 -105.00000000 5.43536800 246.50000000 -105.00000000 2.09997700 70.00000000
//-collider
COOBB Y 246.50000000 -105.00000000 9.09997600 246.50490000 -105.00000000 9.59995200 227.38810000 -105.00000000 9.28884000 70.00000000
//-collider
COOBB Y 30.50000000 -105.00000000 7.09999700 30.72360000 -105.00000000 7.54721100 27.50000000 -105.00000000 8.59999700 70.00000000
//-collider
COOBB Y 171.10000000 -78.20000000 -9.59000100 171.51600000 -78.20000000 -9.31265100 170.10000000 -78.20000000 -8.09000000 8.00000000
//-collider
COOBB Y 170.10000000 -78.20000000 3.90999700 170.54720000 -78.20000000 3.68639100 171.10000000 -78.20000000 5.90999700 8.00000000
//-collider
COOBB Y 161.00000000 -105.00000000 9.59998400 160.60000000 -105.00000000 9.89998400 159.50000000 -105.00000000 7.59998400 70.00000000
//collider
COOBB N 102.00000000 -105.00000000 -17.90001000 102.22360000 -105.00000000 -17.45280000 98.99999000 -105.00000000 -16.40001000 70.00000000
//collider
COOBB N 72.22945000 -106.62070000 -34.18066000 72.46748000 -106.62070000 -34.62037000 75.29293000 -106.62070000 -32.52242000 40.00000000
//-collider
COOBB Y 93.50000000 -105.00000000 45.09999000 93.89999000 -105.00000000 45.39999000 92.00000000 -105.00000000 47.09999000 70.00000000
//-collider
COOBB Y 126.00000000 -105.00000000 42.59999000 125.63810000 -105.00000000 42.25497000 127.94300000 -105.00000000 40.56197000 70.12874000
//-collider
COAABB Y 188.000 -105.500 -5.400 197.500 -35.500 -4.900
//collider
COAABB N 150.000 -105.500 -26.900 150.500 -35.500 -18.400
//collider
COAABB N 150.000 -105.000 17.600 150.500 -35.000 27.100
//-collider
COOBB Y 93.85498000 -105.00000000 24.19428000 94.06934000 -105.00000000 24.64600000 93.00000000 -105.00000000 24.59999000 70.00000000
//-collider
COOBB Y 68.29529000 -105.00000000 50.52400000 67.92542000 -105.00000000 50.86044000 67.00000000 -105.00000000 49.09999000 70.12874000
//-collider
COOBB Y 264.70360000 -105.00000000 -3.99240100 264.36430000 -105.00000000 -4.35965200 266.64620000 -105.00000000 -5.78719300 70.00000000
//-collider
COOBB Y 82.10101000 -106.62070000 -42.76821000 81.60239000 -106.62070000 -42.80536000 82.31322000 -106.62070000 -45.61720000 40.00000000
//-collider
COOBB Y 162.00000000 -105.50000000 -33.40001000 161.64650000 -105.50000000 -33.75357000 164.00000000 -105.50000000 -35.40001000 70.00000000
//-collider
COOBB Y 33.99999000 -105.00000000 -8.40000700 34.17948000 -105.00000000 -8.86668000 40.49999000 -105.00000000 -5.90000800 70.00000000
//-collider
COAABB Y 124.000 -105.000 -39.900 124.500 -35.000 -28.900
//collider
COOBB N 180.60000000 -72.70000000 11.91000000 180.34270000 -72.70000000 12.33875000 178.10000000 -72.70000000 10.41000000 8.00000000
//collider
COAABB N 99.000 -105.000 5.600 112.000 -35.000 6.100
//-collider
COOBB Y 93.49999000 -105.00000000 -45.40001000 93.85355000 -105.00000000 -45.04645000 91.99998000 -105.00000000 -43.90001000 70.00000000
//-collider
COOBB Y 111.00000000 -105.00000000 -63.90001000 110.77640000 -105.00000000 -64.34723000 114.00000000 -105.00000000 -65.40001000 70.00000000
//-collider
COOBB Y 376.67480000 -105.00000000 -35.78881000 377.03830000 -105.00000000 -36.13214000 379.07300000 -105.00000000 -33.24971000 70.00000000
//collider
COAABB N 99.500 -105.000 -5.900 112.000 -35.000 -5.400
//-collider
COAABB Y 200.000 -105.000 6.100 200.500 -35.000 9.100
//collider
COAABB N 99.000 -105.000 5.600 99.500 -35.000 16.600
//-collider
COOBB Y 131.00000000 -105.00000000 28.59999000 131.13740000 -105.00000000 28.11922000 134.50000000 -105.00000000 29.59999000 70.00000000
//-collider
COOBB Y 135.50000000 -105.00000000 26.09999000 135.85350000 -105.00000000 26.45354000 133.50000000 -105.00000000 28.09999000 70.00000000
//collider
COOBB N 366.56870000 -105.00000000 -23.52348000 366.18280000 -105.00000000 -23.84143000 376.67480000 -105.00000000 -35.78884000 70.00000000
//-collider
COOBB Y 159.50000000 -105.00000000 19.09998000 159.14650000 -105.00000000 18.74643000 161.00000000 -105.00000000 17.59998000 70.00000000
//-collider
COOBB Y -5.00000400 -105.00000000 -3.90000300 -5.39043800 -105.00000000 -4.21235000 -1.00000400 -105.00000000 -8.90000200 70.00000000
//-collider
COOBB Y 222.45870000 -105.00000000 4.12650700 222.82880000 -105.00000000 4.46270900 218.02650000 -105.00000000 9.00547800 70.00000000
//-collider
COOBB Y 200.50000000 -105.50000000 -5.90001600 200.05280000 -105.50000000 -5.67641000 199.00000000 -105.50000000 -8.90001600 70.00000000
//collider
COOBB N 372.11220000 -78.20000000 -12.23375000 372.18690000 -78.20000000 -12.41931000 373.71950000 -78.20000000 -11.58707000 14.21707000
//-collider
COOBB Y 93.50000000 -105.00000000 37.59999000 93.89999000 -105.00000000 37.89999000 92.00000000 -105.00000000 39.59999000 70.00000000
//-collider
COOBB Y 40.50000000 -105.00000000 -5.90000500 40.77735000 -105.00000000 -6.31603100 42.00000000 -105.00000000 -4.90000500 70.00000000
//-collider
COAABB Y 275.652 -78.200 -10.972 276.214 -48.200 10.793
//-collider
COOBB Y 34.00000000 -105.00000000 8.59999600 33.80304000 -105.00000000 9.05956800 30.50000000 -105.00000000 7.09999500 70.00000000
//collider
COOBB N 376.20020000 -105.00000000 35.22143000 375.81690000 -105.00000000 35.54253000 366.38730000 -105.00000000 23.50874000 70.00000000
//-collider
COOBB Y 134.94300000 -85.94293000 -12.56659000 135.23680000 -85.94293000 -12.16204000 132.85240000 -85.94293000 -11.04818000 8.00000000
//-collider
COAABB Y 164.000 -105.500 -35.900 167.000 -35.500 -35.400
//-collider
COOBB Y 85.99999000 -105.00000000 58.09999000 85.60956000 -105.00000000 58.41234000 84.00000000 -105.00000000 55.59999000 70.00000000
//collider
COAABB N 147.000 -105.000 5.600 158.500 -35.000 6.100
//-collider
COOBB Y 117.92450000 -85.96001000 10.90233000 117.91400000 -85.96001000 10.40244000 119.13110000 -85.96001000 10.87684000 8.00027500
//-collider
COOBB Y 159.50000000 -105.50000000 -19.40001000 159.05280000 -105.50000000 -19.62362000 160.50000000 -105.50000000 -21.40001000 70.00000000
//-collider
COOBB Y 116.20410000 -85.95947000 2.21512500 116.70340000 -85.95947000 2.18813200 117.21780000 -85.95947000 20.96398000 8.00053400
//-collider
COOBB Y 127.40360000 -85.94293000 -11.69479000 127.67030000 -85.94293000 -11.27183000 125.84540000 -85.94293000 -10.71241000 8.00000000
//-collider
COOBB Y 159.50000000 -105.50000000 -26.40001000 159.18770000 -105.50000000 -26.79045000 162.00000000 -105.50000000 -28.40001000 70.00000000
//-collider
COOBB Y 276.52790000 -105.00000000 21.90332000 276.86010000 -105.00000000 22.27696000 275.34550000 -105.00000000 22.95477000 70.00000000
//collider
COOBB N 366.15190000 -78.18292000 -6.31944100 366.23500000 -78.18292000 -6.13750600 364.57850000 -78.18292000 -5.60080700 17.87950000
//-collider
COOBB Y 125.50000000 -105.00000000 -27.90001000 125.40190000 -105.00000000 -28.39030000 128.00000000 -105.00000000 -28.40001000 70.00000000
//-collider
COAABB Y 94.000 -105.000 -28.400 100.500 -35.000 -27.900
//-collider
COOBB Y 114.00000000 -105.00000000 -65.40001000 113.52570000 -105.00000000 -65.24190000 113.00000000 -105.00000000 -68.40001000 70.00000000
//-collider
COOBB Y 277.79770000 -78.20000000 12.92709000 277.78850000 -78.20000000 12.42717000 281.45180000 -78.20000000 12.85956000 30.01707000
//-collider
COAABB Y 94.000 -105.000 28.100 100.500 -35.000 28.600
//-collider
COOBB Y 53.50000000 -105.00000000 -4.90000800 53.99028000 -105.00000000 -4.99806600 54.00000000 -105.00000000 -2.40000700 70.00000000
//collider
COOBB N 385.61510000 -72.72844000 -3.69594500 385.47480000 -72.72844000 -3.55344700 382.44550000 -72.72844000 -6.81787400 30.00000000
//-collider
COAABB Y 283.558 -105.000 -23.722 293.722 -35.000 -23.214
//-collider
COOBB Y -16.79297000 -105.00000000 -5.03884100 -16.78588000 -105.00000000 -5.53879100 -7.00000500 -105.00000000 -4.90000000 70.12874000
//collider
COAABB N 72.222 -106.778 34.276 72.741 -66.621 45.258
//-collider
COOBB Y 117.58780000 -85.95973000 15.04699000 117.08950000 -85.95973000 15.00651000 117.92450000 -85.95973000 10.90233000 8.00013700
//-collider
COAABB Y 69.000 -105.000 -51.400 80.500 -35.000 -50.900
//collider
COOBB N 382.53930000 -78.18292000 7.15856800 382.39580000 -78.18292000 7.01928500 385.59130000 -78.18292000 4.01324500 30.00000000
//-collider
COOBB Y 173.50000000 -105.00000000 28.09998000 173.27640000 -105.00000000 28.54720000 171.50000000 -105.00000000 27.09998000 70.00000000
//-collider
COOBB Y 172.60000000 -78.20000000 -23.09000000 172.32270000 -78.20000000 -22.67397000 171.10000000 -78.20000000 -24.09000000 8.00000000
//-collider
COOBB Y 116.64750000 -85.95959000 19.98095000 116.15630000 -85.95959000 19.88734000 117.58780000 -85.95959000 15.04700000 8.00006100
//-collider
COOBB Y 123.50000000 -105.00000000 -26.40001000 123.20000000 -105.00000000 -26.80001000 125.50000000 -105.00000000 -27.90001000 70.00000000
//-collider
COOBB Y 117.61630000 -85.95360000 -20.78832000 117.81030000 -85.95360000 -20.32750000 116.12390000 -85.95360000 -20.15998000 8.00213600
//collider
COAABB N 147.000 -105.500 -16.900 149.000 -35.500 -16.400
//collider
COOBB N 181.10000000 -74.70000000 23.41000000 180.60050000 -74.70000000 23.43172000 180.60000000 -74.70000000 11.91000000 10.00000000
//collider
COOBB N 66.01678000 -106.62070000 5.53370600 66.51675000 -106.62070000 5.52862400 66.19336000 -106.62070000 22.90607000 40.00000000
//-collider
COOBB Y 91.99999000 -105.00000000 -43.90001000 92.39999000 -105.00000000 -44.20001000 93.49999000 -105.00000000 -41.90001000 70.00000000
//-collider
COAABB Y 148.000 -105.000 -63.900 148.500 -35.000 -53.900
//-collider
COOBB Y 81.64338000 -106.62070000 31.73710000 81.22814000 -106.62070000 31.45856000 82.90134000 -106.62070000 29.86172000 40.00000000
//collider
COOBB N 374.40850000 -74.50343000 13.55914000 374.22270000 -74.50343000 13.63312000 373.75940000 -74.50343000 11.92872000 15.97499000
//-collider
COOBB Y 92.00000000 -105.00000000 43.09999000 92.39999000 -105.00000000 42.79999000 93.50000000 -105.00000000 45.09999000 70.00000000
//-collider
COOBB Y 160.50000000 -105.50000000 -25.40001000 160.14650000 -105.50000000 -25.04646000 159.50000000 -105.50000000 -26.40001000 70.00000000
//-collider
COAABB Y -6.000 -105.000 1.600 -5.500 -35.000 4.100
//-collider
COOBB Y 170.92530000 -105.00000000 27.93618000 171.42520000 -105.00000000 27.92485000 171.05790000 -105.00000000 33.78757000 70.00000000
//collider
COAABB N 75.293 -106.621 -32.524 75.815 -66.621 -24.976
//-collider
COAABB Y 141.196 -80.488 -0.846 141.711 -72.488 1.103
//-collider
COAABB Y 91.143 -106.621 14.388 91.647 -66.621 19.534
//collider
COOBB N 382.08180000 -74.50343000 2.64136900 381.88180000 -74.50343000 2.64653600 381.95540000 -74.50343000 -2.25008400 31.77499000
//-collider
COAABB Y 187.500 -105.000 5.100 197.500 -35.000 5.600
//collider
COOBB N 375.08050000 -78.20000000 -2.25003300 375.28050000 -78.20000000 -2.25382800 375.17190000 -78.20000000 2.56515900 30.00000000
//-collider
COOBB Y 123.60590000 -85.96000000 12.77209000 123.25970000 -85.96000000 12.41131000 125.68710000 -85.96000000 10.77513000 8.00000000
//collider
COOBB N 72.22234000 -106.62070000 45.25713000 72.21135000 -106.62070000 44.75726000 80.47716000 -106.62070000 45.07565000 40.00000000
//-collider
COAABB Y -17.295 -104.871 -5.039 -16.793 -34.871 4.668
//-collider
COOBB Y 160.50000000 -105.50000000 -21.40001000 160.05280000 -105.50000000 -21.17640000 159.50000000 -105.50000000 -23.40001000 70.00000000
//-collider
COOBB Y 81.50601000 -105.00000000 -49.62942000 81.08508000 -105.00000000 -49.89926000 81.99999000 -105.00000000 -50.40001000 70.00000000
//-collider
COAABB Y 137.500 -105.000 28.100 140.500 -35.000 28.600
//-collider
COOBB Y 81.82771000 -106.62070000 20.60214000 81.60036000 -106.62070000 20.15682000 83.92281000 -106.62070000 19.53253000 40.00000000
//-collider
COAABB Y 124.000 -105.000 28.600 124.500 -35.000 39.600
//-collider
COAABB Y 186.000 -105.500 -27.900 186.500 -35.500 -1.400
//collider
COOBB N 79.80844000 -106.80000000 -5.69230500 80.17335000 -106.80000000 -6.03412700 81.30001000 -106.80000000 -4.10000300 40.17929000
//-collider
COOBB Y 199.00000000 -105.50000000 -8.90001300 199.00650000 -105.50000000 -9.39997100 218.34330000 -105.50000000 -8.65001900 70.00000000
//collider
COOBB N 150.00000000 -105.50000000 -18.40001000 150.41600000 -105.50000000 -18.12266000 149.00000000 -105.50000000 -16.90001000 70.00000000
//-collider
COAABB Y 247.348 -105.000 -5.789 263.594 -35.000 -5.162
//-collider
COOBB Y 18.58986000 -105.00000000 -3.92043000 18.20811000 -105.00000000 -4.24334100 22.45799000 -105.00000000 -8.49330100 70.00000000
//-collider
COOBB Y 92.99999000 -105.00000000 -30.40001000 93.49993000 -105.00000000 -30.39227000 92.90578000 -105.00000000 -24.31607000 70.00000000
//-collider
COAABB Y 293.612 -105.000 5.057 294.124 -35.000 10.692
//-collider
COAABB Y 117.057 -85.951 -20.791 117.616 -77.943 -10.897
//-collider
COOBB Y 171.10000000 -78.20000000 1.91000100 171.54720000 -78.20000000 2.13360700 170.10000000 -78.20000000 3.91000000 8.00000000
//collider
COOBB N 383.44510000 -78.20000000 11.87684000 383.62900000 -78.20000000 11.95545000 382.76420000 -78.20000000 13.46986000 14.21707000
//-collider
COOBB Y 185.53250000 -105.50000000 -2.43014100 185.17880000 -105.50000000 -2.78352200 188.00000000 -105.50000000 -4.90001300 70.00000000
//-collider
COOBB Y 94.69913000 -106.62070000 1.93491600 94.26485000 -106.62070000 2.18270500 93.61811000 -106.62070000 0.04028511 40.00000000
//collider
COOBB N 99.00000000 -105.00000000 -16.40001000 99.49948000 -105.00000000 -16.42271000 99.50000000 -105.00000000 -5.40001100 70.00000000
//-collider
COOBB Y 123.50000000 -105.00000000 41.09999000 123.75720000 -105.00000000 40.67125000 126.00000000 -105.00000000 42.59999000 70.00000000
//-collider
COOBB Y 127.81630000 -105.00000000 -40.48083000 127.45510000 -105.00000000 -40.13504000 125.50000000 -105.00000000 -42.90001000 70.12874000
//-collider
COOBB Y 124.50000000 -105.00000000 -39.90001000 124.41370000 -105.00000000 -40.39252000 127.81630000 -105.00000000 -40.48082000 70.12874000
//collider
COOBB N 110.00000000 -105.00000000 -16.90001000 109.64640000 -105.00000000 -16.54646000 109.00000000 -105.00000000 -17.90001000 70.00000000
//-collider
COOBB Y 112.50000000 -105.00000000 -49.90001000 112.07130000 -105.00000000 -50.15726000 114.00000000 -105.00000000 -52.40001000 70.00000000
//-collider
COOBB Y 150.00000000 -105.00000000 27.09999000 150.27730000 -105.00000000 27.51601000 148.50000000 -105.00000000 28.09999000 70.00000000
//-collider
COOBB Y 128.00000000 -105.00000000 28.59999000 127.84190000 -105.00000000 29.07433000 125.00000000 -105.00000000 27.59999000 70.00000000
//-collider
COAABB Y 110.500 -105.000 -28.400 116.000 -35.000 -27.900
//-collider
COOBB Y 159.47320000 -105.00000000 4.66017200 159.82050000 -105.00000000 5.01983700 158.50000000 -105.00000000 5.59998400 70.00000000
//-collider
COAABB Y 55.000 -105.000 -33.900 55.500 -35.000 -17.400
//-collider
COOBB Y 82.69198000 -106.62070000 -33.74059000 82.24244000 -106.62070000 -33.52169000 81.61782000 -106.62070000 -35.94647000 40.00000000
//-collider
COOBB Y 160.03640000 -105.00000000 35.00393000 159.53650000 -105.00000000 35.01295000 159.88590000 -105.00000000 26.66390000 70.00000000
//-collider
COAABB Y 83.500 -105.000 50.600 84.000 -35.000 55.600
//-collider
COOBB Y 93.00000000 -105.00000000 31.09999000 93.35355000 -105.00000000 31.45354000 92.49999000 -105.00000000 31.59999000 70.00000000
//-collider
COAABB Y 142.500 -105.000 28.100 148.500 -35.000 28.600
//-collider
COOBB Y 134.96510000 -85.96000000 12.73217000 134.62690000 -85.96000000 12.36389000 136.91540000 -85.96000000 10.94120000 8.00000000
//collider
COOBB N 352.77010000 -105.00000000 -25.65121000 352.84620000 -105.00000000 -26.14537000 366.56870000 -105.00000000 -23.52348000 70.00000000
//-collider
COOBB Y 293.76280000 -105.00000000 -5.01193800 293.74630000 -105.00000000 -5.51166600 331.58350000 -105.00000000 -6.26043900 70.00000000
//-collider
COOBB Y 282.49890000 -105.00000000 21.81098000 282.86330000 -105.00000000 22.15335000 281.37560000 -105.00000000 23.00653000 70.00000000
//-collider
COOBB Y 265.15950000 -105.00000000 13.39298000 264.82030000 -105.00000000 13.02563000 266.66390000 -105.00000000 12.00387000 70.00000000
//-collider
COOBB Y 293.61230000 -105.00000000 10.69096000 294.00530000 -105.00000000 11.00006000 292.64140000 -105.00000000 11.92550000 70.00000000
//collider
COOBB N 352.73860000 -105.00000000 -6.22792100 352.24000000 -105.00000000 -6.19086300 352.63530000 -105.00000000 -7.61665700 70.00000000
//-collider
COAABB Y 55.000 -105.000 5.600 55.500 -35.000 34.100
//-collider
COOBB Y 380.38980000 -105.00000000 34.69514000 380.04180000 -105.00000000 35.05418000 378.87110000 -105.00000000 33.22318000 70.00000000
//-collider
COOBB Y 136.00000000 -105.00000000 74.59999000 136.47430000 -105.00000000 74.75810000 135.00000000 -105.00000000 77.59999000 70.00000000
//-collider
COOBB Y 133.50000000 -105.00000000 42.59999000 133.24280000 -105.00000000 42.17124000 136.00000000 -105.00000000 41.09999000 70.00000000
//-collider
COOBB Y -7.00000500 -105.00000000 -4.90000200 -6.54043300 -105.00000000 -5.09696200 -5.50000300 -105.00000000 -1.40000300 70.00000000
//-collider
COAABB Y 169.000 -105.500 -33.400 169.500 -35.500 -28.400
//collider
COOBB N 373.71950000 -78.20000000 -11.58706000 373.53530000 -78.20000000 -11.66507000 374.38600000 -78.20000000 -13.16054000 14.20000000
//-collider
COOBB Y 293.72150000 -105.00000000 -23.22203000 294.22140000 -105.00000000 -23.22869000 293.85440000 -105.00000000 -13.24569000 70.00000000
//-collider
COOBB Y 82.83537000 -106.62070000 41.53021000 82.41429000 -106.62070000 41.79981000 81.59608000 -106.62070000 39.59459000 40.00000000
//-collider
COOBB Y 141.12020000 -85.96000000 11.01420000 141.62010000 -85.96000000 11.00059000 141.33170000 -85.96000000 18.78277000 8.00000000
//-collider
COOBB Y 134.50000000 -105.00000000 40.09999000 134.40190000 -105.00000000 40.59027000 132.00000000 -105.00000000 39.59999000 70.00000000
//-collider
COOBB Y 263.59380000 -105.00000000 -5.28924500 263.97370000 -105.00000000 -5.61432900 264.70360000 -105.00000000 -3.99240800 70.00000000
//-collider
COOBB Y 136.00000000 -105.00000000 -74.40001000 135.92930000 -105.00000000 -74.89498000 139.50000000 -105.00000000 -74.90002000 70.00000000
//-collider
COOBB Y 145.00000000 -105.00000000 65.10000000 145.44720000 -105.00000000 64.87639000 146.50000000 -105.00000000 68.09999000 70.00000000
//-collider
COAABB Y 22.800 -105.000 8.589 27.500 -35.000 9.100
//-collider
COOBB Y 127.47940000 -85.96000000 11.79135000 127.24290000 -85.96000000 11.35084000 129.32280000 -85.96000000 10.80149000 8.00000000
//-collider
COOBB Y 42.41764000 -105.00000000 1.65264200 42.91052000 -105.00000000 1.73675100 42.00000000 -105.00000000 4.09999700 70.00000000
//-collider
COOBB Y 244.50000000 -105.00000000 -5.90002300 244.94720000 -105.00000000 -6.12363000 246.50000000 -105.00000000 -1.90002300 70.00000000
//-collider
COOBB Y 133.50000000 -105.00000000 -42.40001000 133.82590000 -105.00000000 -42.02083000 131.13580000 -105.00000000 -40.36790000 70.15857000
//-collider
COOBB Y 92.00000000 -105.00000000 47.09999000 92.42874000 -105.00000000 46.84274000 93.50000000 -105.00000000 49.59999000 70.00000000
//collider
COOBB N 366.11220000 -74.50343000 6.67927800 365.92830000 -74.50343000 6.60060800 366.80240000 -74.50343000 5.06582500 15.97499000
//collider
COAABB N 172.600 -78.200 -23.090 181.100 -70.200 -22.590
//-collider
COOBB Y 171.10000000 -78.20000000 5.91000000 171.51600000 -78.20000000 6.18735000 170.10000000 -78.20000000 7.40999900 8.00000000
//-collider
COOBB Y 18.49999000 -105.00000000 4.09999800 18.83448000 -105.00000000 4.47164500 13.50000000 -105.00000000 8.59999700 70.00000000
//-collider
COOBB Y 141.49830000 -85.94293000 20.83069000 141.25890000 -85.94293000 20.39171000 142.88610000 -85.94293000 20.07394000 8.00000000
//-collider
COOBB Y 43.00000000 -105.00000000 4.59999500 42.50948000 -105.00000000 4.69691400 42.41764000 -105.00000000 1.65264100 70.00000000
//-collider
COOBB Y 93.50000000 -105.00000000 33.59999000 93.89999000 -105.00000000 33.89999000 92.00000000 -105.00000000 35.59999000 70.00000000
//-collider
COOBB Y 82.80605000 -106.62070000 -41.65179000 82.38329000 -106.62070000 -41.38482000 82.10100000 -106.62070000 -42.76822000 40.00000000
//-collider
COAABB Y 110.500 -105.000 -63.900 111.000 -35.000 -53.400
//-collider
COAABB Y 93.000 -105.000 24.600 93.500 -35.000 31.100
//-collider
COAABB Y 110.500 -105.000 53.600 111.000 -35.000 64.100
//-collider
COAABB Y 161.500 -105.500 -33.400 162.000 -35.500 -28.400
//collider
COOBB N 391.00660000 -78.20000000 -6.25779200 391.19090000 -78.20000000 -6.18007300 390.33340000 -78.20000000 -4.66147400 14.21707000
//-collider
COOBB Y 91.00000000 -105.00000000 56.09999000 91.35355000 -105.00000000 56.45354000 88.99999000 -105.00000000 58.09999000 70.00000000
//-collider
COOBB Y 265.38700000 -105.00000000 -13.35649000 264.88710000 -105.00000000 -13.34841000 265.22990000 -105.00000000 -23.07844000 70.00000000
//-collider
COOBB Y 134.50000000 -105.00000000 -29.90001000 134.72360000 -105.00000000 -29.45280000 131.50000000 -105.00000000 -28.40001000 70.00000000
//collider
COAABB N 108.500 -105.000 18.100 109.000 -35.000 26.100
//-collider
COOBB Y 131.19120000 -105.00000000 40.41338000 131.53500000 -105.00000000 40.05035000 133.50000000 -105.00000000 42.59999000 70.00000000
//-collider
COAABB Y 66.500 -105.000 34.100 67.000 -35.000 49.100
//-collider
COAABB Y 91.000 -105.000 -55.900 91.500 -35.000 -50.900
//-collider
COAABB Y 265.312 -105.000 22.884 275.346 -35.000 23.455
//-collider
COOBB Y 145.00000000 -105.00000000 -64.90002000 145.15810000 -105.00000000 -65.37435000 148.00000000 -105.00000000 -63.90001000 70.00000000
//collider
COOBB N 375.17190000 -78.20000000 2.56514500 375.24700000 -78.20000000 2.75051700 371.55730000 -78.20000000 4.02983900 30.00000000
//-collider
COOBB Y 141.33160000 -85.95999000 18.78277000 141.78400000 -85.95999000 18.99577000 140.69050000 -85.95999000 20.14439000 8.01705900
//collider
COOBB N 383.36520000 -78.20000000 -11.49412000 383.29000000 -78.20000000 -11.67947000 384.94870000 -78.20000000 -12.13630000 14.20000000
//-collider
COOBB Y 266.66380000 -105.00000000 12.00388000 266.30200000 -105.00000000 12.34894000 265.18710000 -105.00000000 10.45523000 70.00000000
//collider
COOBB N 365.31470000 -78.20000000 -4.03254700 365.23300000 -78.20000000 -4.21510900 366.87440000 -78.20000000 -4.73061800 14.20000000
//-collider
COOBB Y 81.78311000 -106.62070000 24.75720000 81.28314000 -106.62070000 24.75184000 81.82770000 -106.62070000 20.60213000 40.00000000
//-collider
COAABB Y 53.500 -105.000 1.600 55.500 -35.000 2.100
//-collider
COOBB Y 81.62572000 -106.62070000 35.65398000 81.22887000 -106.62070000 35.34983000 83.00844000 -106.62070000 33.84985000 40.00000000
//-collider
COOBB Y 187.50000000 -105.00000000 5.09998700 187.09530000 -105.00000000 5.39364900 185.58710000 -105.00000000 2.46397400 70.00000000
//-collider
COOBB Y 93.61811000 -106.62070000 0.04028809 93.19012000 -106.62070000 -0.21820890 94.87443000 -106.62070000 -2.03980000 40.00000000
//-collider
COOBB Y 91.99999000 -105.00000000 -47.40001000 92.39999000 -105.00000000 -47.70001000 93.49999000 -105.00000000 -45.40001000 70.00000000
//-collider
COAABB Y 83.500 -105.000 -55.900 84.000 -35.000 -50.900
//-collider
COOBB Y 159.50000000 -105.00000000 11.09998000 159.14650000 -105.00000000 10.74643000 161.00000000 -105.00000000 9.59998300 70.00000000
//-collider
COOBB Y 83.91117000 -106.62070000 -14.78951000 83.41128000 -106.62070000 -14.80000000 84.00990000 -106.62070000 -19.49551000 40.00000000
//-collider
COAABB Y 171.100 -78.200 8.910 171.600 -70.200 20.410
//collider
COAABB N 404.033 -105.000 -9.443 404.593 -35.000 9.555
//-collider
COAABB Y 293.763 -105.000 -10.861 294.306 -35.000 -5.008
//-collider
COAABB Y 162.593 -105.000 36.766 168.330 -35.000 37.281
//collider
COAABB N 102.000 -105.000 18.100 102.500 -35.000 26.600
//-collider
COAABB Y 66.500 -105.000 -48.900 67.000 -35.000 -33.900
//-collider
COOBB Y 131.53950000 -85.96000000 11.85737000 131.21230000 -85.96000000 11.47931000 132.90310000 -85.96000000 10.67715000 8.00000000
//-collider
COAABB Y 54.000 -105.000 -2.900 55.500 -35.000 -2.400
//-collider
COOBB Y 82.82157000 -106.62070000 37.51745000 82.40077000 -106.62070000 37.78750000 81.62572000 -106.62070000 35.65398000 40.00000000
//-collider
COAABB Y 277.596 -74.503 -13.073 281.615 -42.728 -12.561
//-collider
COOBB Y 111.00000000 -105.00000000 53.59999000 110.84190000 -105.00000000 53.12565000 114.00000000 -105.00000000 52.59999000 70.00000000
//-collider
COOBB Y 27.10961000 -105.00000000 -8.48461200 27.32132000 -105.00000000 -8.93757800 30.50000000 -105.00000000 -6.90000100 70.00000000
//-collider
COOBB Y 42.60213000 -105.00000000 -1.72683900 42.10602000 -105.00000000 -1.78904400 43.00000000 -105.00000000 -4.90000600 70.00000000
//-collider
COOBB Y 80.50000000 -105.00000000 -50.90001000 80.89200000 -105.00000000 -51.21038000 81.50601000 -105.00000000 -49.62941000 70.00000000
//-collider
COOBB Y 83.92229000 -106.62070000 14.72782000 83.54768000 -106.62070000 14.39665000 85.80901000 -106.62070000 12.59368000 40.00000000
//-collider
COAABB Y 137.500 -105.000 -28.400 141.000 -35.000 -27.900
//collider
COOBB N 372.15260000 -78.20000000 12.56957000 372.33760000 -78.20000000 12.49352000 372.81130000 -78.20000000 14.17192000 14.21707000
//collider
COOBB N 374.71090000 -78.20000000 -6.86215800 374.85300000 -78.20000000 -6.72140100 371.53380000 -78.20000000 -3.65471500 30.01707000
//-collider
COOBB Y 171.10000000 -78.20000000 20.41000000 171.59030000 -78.20000000 20.50805000 170.60000000 -78.20000000 22.91000000 8.00000000
//-collider
COOBB Y 83.00843000 -106.62070000 33.84985000 82.58846000 -106.62070000 34.12119000 81.64338000 -106.62070000 31.73710000 40.00000000
//collider
COOBB N 374.71150000 -78.20000000 7.28349900 374.52600000 -78.20000000 7.20868200 376.17190000 -78.20000000 3.66283000 30.00000000
//collider
COAABB N 180.600 -78.200 -23.090 181.100 -66.700 -11.590
//-collider
COOBB Y 160.50000000 -105.00000000 5.09998400 160.30310000 -105.00000000 5.55959800 159.47320000 -105.00000000 4.66017200 70.00000000
//-collider
COAABB Y 53.500 -105.000 1.600 54.000 -35.000 4.600
//collider
COAABB N 376.225 -74.503 -3.275 380.973 -42.728 -3.054
//-collider
COOBB Y 275.71450000 -78.20000000 10.79284000 276.09870000 -78.20000000 11.11281000 274.75480000 -78.20000000 11.94526000 30.00000000
//-collider
COOBB Y 141.32750000 -85.94293000 -18.70719000 141.82730000 -85.94293000 -18.69433000 141.12860000 -85.94293000 -10.97840000 8.00000000
//-collider
COAABB Y 171.100 -78.200 -24.090 171.600 -70.200 -9.590
//-collider
COOBB Y 148.50000000 -105.50000000 -27.90001000 148.77730000 -105.50000000 -28.31604000 150.00000000 -105.50000000 -26.90001000 70.00000000
//-collider
COOBB Y 110.50000000 -105.00000000 28.09999000 110.10000000 -105.00000000 28.39999000 109.00000000 -105.00000000 26.09999000 70.00000000
//-collider
COOBB Y 131.37460000 -85.94293000 -11.69031000 131.59890000 -85.94293000 -11.24343000 129.53690000 -85.94293000 -10.76799000 8.00000000
//-collider
COOBB Y 142.99850000 -105.50000000 -24.64286000 142.50420000 -105.50000000 -24.56723000 142.50000000 -105.50000000 -27.90001000 70.05940000
//-collider
COAABB Y 93.232 -106.621 -19.585 93.840 -66.621 -6.891
//-collider
COOBB Y 82.78452000 -106.62070000 -30.08351000 82.35532000 -106.62070000 -29.82702000 81.62085000 -106.62070000 -32.03079000 40.00000000
//-collider
COOBB Y -5.50000200 -105.00000000 -1.40000400 -5.99029300 -105.00000000 -1.49806200 -5.00000200 -105.00000000 -3.90000400 70.00000000
//-collider
COOBB Y 159.50000000 -105.50000000 -11.40001000 159.05280000 -105.50000000 -11.62362000 160.50000000 -105.50000000 -13.40002000 70.00000000
//-collider
COOBB Y 119.13110000 -85.96000000 10.87683000 119.11370000 -85.96000000 10.37714000 121.11440000 -85.96000000 10.80772000 8.00000000
//-collider
COOBB Y 92.50000000 -105.00000000 31.59999000 92.94722000 -105.00000000 31.37638000 93.50000000 -105.00000000 33.59999000 70.00000000
//-collider
COOBB Y 265.18710000 -105.00000000 10.45524000 264.68710000 -105.00000000 10.46213000 265.14590000 -105.00000000 7.46936600 70.00000000
//-collider
COOBB Y 283.51600000 -72.72844000 -11.05828000 283.16010000 -72.72844000 -11.40948000 284.42070000 -72.72844000 -11.97508000 30.00000000
//-collider
COAABB Y 200.500 -105.000 9.005 218.029 -35.000 9.600
//-collider
COOBB Y 186.00000000 -105.50000000 -1.40001300 185.54470000 -105.50000000 -1.19340500 185.53250000 -105.50000000 -2.43014000 70.00000000
//-collider
COOBB Y 276.36620000 -78.20000000 14.01548000 276.06360000 -78.20000000 13.61746000 277.79770000 -78.20000000 12.92709000 30.00000000
//-collider
COOBB Y 141.00000000 -105.00000000 -27.90001000 141.49980000 -105.00000000 -27.91198000 141.08880000 -105.00000000 -24.19042000 70.15857000
//-collider
COOBB Y 143.03660000 -85.88610000 -20.17571000 142.82380000 -85.88610000 -19.72328000 141.55050000 -85.88610000 -20.87484000 8.40382400
//-collider
COAABB Y 55.500 -105.000 -34.400 67.000 -35.000 -33.900
//-collider
COAABB Y 277.789 -105.000 23.007 281.379 -35.000 23.533
//-collider
COOBB Y 93.61265000 -106.62070000 -3.84987100 93.21209000 -106.62070000 -4.14911700 94.72105000 -106.62070000 -5.33355100 40.00000000
//-collider
COAABB Y 55.500 -105.000 34.100 67.000 -35.000 34.600
//-collider
COOBB Y 82.31321000 -106.62070000 -45.61720000 82.01260000 -106.62070000 -45.21766000 81.39008000 -106.62070000 -46.31175000 40.00000000
//-collider
COOBB Y 82.82549000 -106.62070000 -26.19424000 82.40678000 -106.62070000 -25.92096000 81.57610000 -106.62070000 -28.10854000 40.00000000
//collider
COOBB N 390.32820000 -78.20000000 4.99145200 390.51460000 -78.20000000 4.91888000 390.94820000 -78.20000000 6.58380400 14.20000000
//-collider
COAABB Y 283.731 -105.000 22.983 293.727 -35.000 23.487
//collider
COOBB N 366.88000000 -74.50343000 -4.72273300 366.69810000 -74.50343000 -4.63974700 366.15190000 -74.50343000 -6.31945300 15.97499000
//-collider
COOBB Y 121.50000000 -105.00000000 -28.40001000 121.85350000 -105.00000000 -28.75357000 123.50000000 -105.00000000 -26.40001000 70.00000000
//-collider
COAABB Y 55.000 -105.000 -17.400 55.500 -35.000 -2.400
//-collider
COOBB Y 81.99999000 -105.00000000 -50.40001000 81.87873000 -105.00000000 -50.88507000 83.99999000 -105.00000000 -50.90001000 70.00000000
//-collider
COOBB Y 117.24250000 -85.95893000 -0.14874410 117.70030000 -85.95893000 0.05234015 116.20410000 -85.95893000 2.21512900 8.00106800
//-collider
COOBB Y 145.00000000 -105.00000000 52.09999000 145.22360000 -105.00000000 51.65277000 148.00000000 -105.00000000 53.59999000 70.00000000
//collider
COAABB N 111.500 -105.000 5.600 112.000 -35.000 17.100
//-collider
COOBB Y 349.58360000 -105.00000000 -21.56826000 349.48260000 -105.00000000 -22.05795000 352.89920000 -105.00000000 -22.25231000 70.00000000
//-collider
COAABB Y 93.293 -106.621 6.904 93.825 -66.621 19.220
//-collider
COOBB Y 331.43300000 -105.00000000 6.22294500 331.41760000 -105.00000000 6.72270700 293.62370000 -105.00000000 5.05691000 70.00000000
//-collider
COOBB Y 91.14317000 -106.62070000 19.53409000 91.36177000 -106.62070000 19.08440000 93.77016000 -106.62070000 20.81108000 40.00000000
//collider
COOBB N 392.57080000 -78.18292000 5.94083800 392.38500000 -78.18292000 6.01482600 391.93100000 -78.18292000 4.33373300 17.87950000
//-collider
COOBB Y 277.59750000 -78.18292000 -13.07318000 277.30470000 -78.18292000 -12.66789000 276.60130000 -78.18292000 -13.79292000 33.67950000
//-collider
COAABB Y 55.000 -105.000 1.600 55.500 -35.000 5.600
//-collider
COOBB Y 127.94300000 -105.00000000 40.56197000 127.80850000 -105.00000000 41.04353000 124.50000000 -105.00000000 39.59999000 70.12874000
//collider
COAACYLINDER N -14.150 -101.507 4.010 0.700 2.980
//-collider
COOBB Y 148.00000000 -105.00000000 -53.90002000 148.22360000 -105.00000000 -53.45281000 145.00000000 -105.00000000 -52.40002000 70.00000000
//-collider
COOBB Y 277.78900000 -105.00000000 23.03294000 277.45540000 -105.00000000 23.40538000 276.52780000 -105.00000000 21.90332000 70.00000000
//-collider
COOBB Y 157.50000000 -105.50000000 -5.40001700 157.65290000 -105.50000000 -5.87605900 159.71650000 -105.50000000 -4.68801500 70.00000000
//collider
COOBB N 75.31504000 -106.62070000 -24.97621000 75.69741000 -106.62070000 -24.65404000 73.67133000 -106.62070000 -23.02538000 40.00000000
//-collider
COOBB Y 128.00000000 -105.00000000 -28.40001000 127.92930000 -105.00000000 -27.90504000 124.50000000 -105.00000000 -28.90001000 70.00000000
//-collider
COOBB Y 117.74410000 -104.87130000 28.11658000 117.24410000 -104.87130000 28.12184000 117.70210000 -104.87130000 24.12467000 70.00000000
//-collider
COOBB Y 93.77016000 -106.62070000 20.81108000 93.27046000 -106.62070000 20.79375000 93.82539000 -106.62070000 19.21828000 40.00000000
//-collider
COOBB Y 198.50000000 -105.50000000 -1.90001900 198.05280000 -105.50000000 -2.12362600 200.50000000 -105.50000000 -5.90001900 70.00000000
//-collider
COOBB Y 85.70805000 -106.62070000 -12.63610000 85.32415000 -106.62070000 -12.31576000 83.91117000 -106.62070000 -14.78951000 40.00000000
//collider
COOBB N 371.55720000 -78.20000000 4.02984200 371.70030000 -78.20000000 3.89003900 374.75590000 -78.20000000 7.30257000 30.01707000
//-collider
COOBB Y 84.00990000 -106.62070000 -19.49551000 83.74199000 -106.62070000 -19.07335000 81.90962000 -106.62070000 -20.82843000 40.00000000
//-collider
COAABB Y 131.500 -105.000 -28.900 133.500 -35.000 -28.400
//-collider
COOBB Y 160.50000000 -105.00000000 25.09999000 160.05280000 -105.00000000 25.32359000 159.50000000 -105.00000000 23.09999000 70.00000000
//-collider
COOBB Y 266.49600000 -105.00000000 -12.18810000 266.13330000 -105.00000000 -11.84388000 265.38700000 -105.00000000 -13.35649000 70.00000000
//-collider
COOBB Y 42.00000000 -105.00000000 4.09999600 42.35355000 -105.00000000 4.45354900 40.50000000 -105.00000000 5.59999600 70.00000000
//-collider
COOBB Y 265.31520000 -105.00000000 22.88374000 264.81520000 -105.00000000 22.89194000 265.15950000 -105.00000000 13.39298000 70.00000000
//-collider
COAABB Y 173.000 -105.500 -28.400 186.000 -35.500 -27.900
//-collider
COOBB Y 148.00000000 -105.00000000 64.09999000 148.15810000 -105.00000000 64.57433000 145.00000000 -105.00000000 65.09999000 70.00000000
//-collider
COOBB Y 121.08220000 -85.94293000 -10.71812000 121.05690000 -85.94293000 -10.21876000 117.55680000 -85.94293000 -10.89659000 8.00000000
//-collider
COOBB Y 161.00000000 -105.00000000 17.59998000 160.57130000 -105.00000000 17.85723000 159.50000000 -105.00000000 15.09998000 70.00000000
//-collider
COOBB Y 146.50000000 -105.00000000 50.09999000 146.90000000 -105.00000000 50.39999000 145.00000000 -105.00000000 52.09999000 70.00000000
//-collider
COOBB Y 41.99999000 -105.00000000 -4.90000700 42.49122000 -105.00000000 -4.99322400 42.60213000 -105.00000000 -1.72684000 70.00000000
//-collider
COAABB Y 124.500 -105.000 -77.900 135.000 -35.000 -77.400
//-collider
COAABB Y -16.795 -105.000 4.600 -6.997 -34.871 5.168
//-collider
COOBB Y 146.50000000 -105.00000000 68.09999000 146.84120000 -105.00000000 68.46552000 139.00000000 -105.00000000 75.09999000 70.00000000
//-collider
COOBB Y 171.10000000 -78.20000000 24.41000000 170.74650000 -78.20000000 24.05645000 172.10000000 -78.20000000 23.41000000 8.00000000
//-collider
COOBB Y 185.58710000 -105.00000000 2.46397400 185.13600000 -105.00000000 2.24837900 186.00000000 -105.00000000 1.59998500 70.00000000
//collider
COOBB N 364.57850000 -78.20000000 -5.60079100 364.75950000 -78.20000000 -5.68579100 365.31470000 -78.20000000 -4.03256400 14.21707000
//-collider
COOBB Y 170.10000000 -78.20000000 7.40999800 170.51600000 -78.20000000 7.13264800 171.10000000 -78.20000000 8.90999900 8.00000000
//-collider
COOBB Y 114.00000000 -105.00000000 -52.40001000 113.84190000 -105.00000000 -51.92566000 111.00000000 -105.00000000 -53.40001000 70.00000000
//-collider
COAABB Y 85.708 -106.621 -12.657 89.055 -66.621 -12.136
//-collider
COOBB Y 113.00000000 -105.00000000 -68.40001000 112.64640000 -105.00000000 -68.75356000 120.00000000 -105.00000000 -75.40000000 70.00000000
//-collider
COOBB Y 266.56390000 -105.00000000 5.87986700 266.23080000 -105.00000000 6.25278800 264.61620000 -105.00000000 4.14036800 70.00000000
//-collider
COOBB Y 81.50000000 -105.00000000 49.59999000 81.85355000 -105.00000000 49.95354000 80.49999000 -105.00000000 50.59999000 70.00000000
//-collider
COOBB Y 162.59330000 -105.00000000 36.78117000 162.30790000 -105.00000000 37.19174000 160.03630000 -105.00000000 35.00394000 70.00000000
//-collider
COOBB Y 93.49999000 -105.00000000 -41.90001000 93.89999000 -105.00000000 -41.60001000 91.99999000 -105.00000000 -39.90001000 70.00000000
//-collider
COOBB Y 117.21780000 -85.95953000 20.96399000 116.78530000 -85.95953000 21.21489000 116.64750000 -85.95953000 19.98094000 8.00006100
//-collider
COOBB Y 82.90136000 -106.62070000 29.86172000 82.47819000 -106.62070000 30.12804000 81.57165000 -106.62070000 27.74889000 40.00000000
//-collider
COOBB Y 136.91540000 -85.95999000 10.94120000 136.92590000 -85.95999000 10.44131000 141.29540000 -85.95999000 11.03327000 8.01705900
//-collider
COOBB Y 88.99998000 -105.00000000 -57.90001000 89.35354000 -105.00000000 -58.25357000 90.99999000 -105.00000000 -55.90001000 70.00000000
//-collider
COOBB Y 170.10000000 -78.20000000 -8.09000100 170.54720000 -78.20000000 -8.31360800 171.10000000 -78.20000000 -6.09000000 8.00000000
//-collider
COAABB Y 173.500 -105.000 28.100 186.000 -35.000 28.600
//-collider
COOBB Y 114.00000000 -105.00000000 65.09999000 113.84190000 -105.00000000 65.57433000 111.00000000 -105.00000000 64.09999000 70.00000000
//-collider
COOBB Y 81.70432000 -106.62070000 -24.55356000 81.29150000 -106.62070000 -24.83566000 82.82550000 -106.62070000 -26.19424000 40.00000000
//-collider
COOBB Y 94.00001000 -105.00000000 28.09999000 93.50036000 -105.00000000 28.11855000 93.85497000 -105.00000000 24.19427000 70.00000000
//collider
COOBB N 382.68510000 -78.20000000 -13.08754000 382.86910000 -78.20000000 -13.16605000 383.36520000 -78.20000000 -11.49413000 14.21707000
//-collider
COOBB Y 282.51740000 -78.18292000 13.91231000 282.16560000 -78.18292000 13.55703000 284.37600000 -78.18292000 12.07189000 30.00000000
//-collider
COOBB Y 265.31520000 -105.00000000 -10.84969000 264.94020000 -105.00000000 -11.18048000 266.49600000 -105.00000000 -12.18810000 70.00000000
//-collider
COOBB Y 116.00000000 -105.00000000 -24.90001000 116.17210000 -105.00000000 -25.36945000 117.94930000 -105.00000000 -24.18533000 70.00000000
//collider
COOBB N 391.89360000 -74.50343000 -3.95960400 391.71010000 -74.50343000 -4.03936200 392.59340000 -74.50343000 -5.56893900 15.97499000
//-collider
COOBB Y 143.00000000 -105.00000000 24.59999000 142.87230000 -105.00000000 25.08342000 141.37520000 -105.00000000 24.17094000 70.12874000
//-collider
COOBB Y 136.00000000 -105.00000000 41.09999000 136.32540000 -105.00000000 40.72036000 146.50000000 -105.00000000 50.09998000 70.00000000
//-collider
COOBB Y 161.00000000 -105.00000000 13.59998000 160.57130000 -105.00000000 13.85723000 159.50000000 -105.00000000 11.09998000 70.00000000
//collider
COAABB N 331.584 -105.000 -6.760 352.739 -35.000 -6.228
//-collider
COOBB Y 81.90962000 -106.62070000 -20.82843000 81.41039000 -106.62070000 -20.80091000 81.70433000 -106.62070000 -24.55355000 40.00000000
//-collider
COAABB Y 134.500 -105.000 -40.400 135.000 -35.000 -29.900
//-collider
COOBB Y 102.00000000 -105.00000000 26.59999000 102.35350000 -105.00000000 26.95354000 100.50000000 -105.00000000 28.09999000 70.00000000
//-collider
COOBB Y 161.00000000 -105.00000000 21.59998000 160.57130000 -105.00000000 21.85723000 159.50000000 -105.00000000 19.09998000 70.00000000
//-collider
COOBB Y 22.80100000 -105.00000000 8.58885000 22.43997000 -105.00000000 8.93476900 18.50000000 -105.00000000 4.09999700 70.00000000
//collider
COOBB N 109.00000000 -105.00000000 18.09999000 108.72270000 -105.00000000 17.68396000 110.50000000 -105.00000000 17.09999000 70.00000000
//-collider
COOBB Y 246.50000000 -105.00000000 -1.90002200 246.01620000 -105.00000000 -2.02631000 247.35140000 -105.00000000 -5.16161900 70.00000000
//collider
COAABB N 147.000 -105.500 -5.900 157.500 -35.500 -5.400
//-collider
COOBB Y 94.72108000 -106.62070000 -5.33355600 94.29900000 -106.62070000 -5.06550700 93.73210000 -106.62070000 -6.89083200 40.00000000
//-collider
COOBB Y 123.39080000 -85.94293000 -12.73724000 123.72000000 -85.94293000 -12.36088000 121.08220000 -85.94293000 -10.71813000 8.00000000
//collider
COOBB N 382.76410000 -78.20000000 13.46986000 382.84610000 -78.20000000 13.28740000 384.32300000 -78.20000000 14.16985000 14.20000000
//-collider
COOBB Y 94.86897000 -106.62070000 5.63477300 94.44851000 -106.62070000 5.90535900 93.60169000 -106.62070000 3.66559300 40.00000000
//-collider
COOBB Y 170.10000000 -78.20000000 -0.09000266 170.54720000 -78.20000000 -0.31360950 171.10000000 -78.20000000 1.90999700 8.00000000
//-collider
COAABB Y 116.000 -105.000 -27.900 116.500 -35.000 -24.900
//collider
COAABB N 111.500 -105.000 -16.900 112.000 -35.000 -5.400
//collider
COOBB N 75.11156000 -106.75520000 24.64688000 75.61153000 -106.75520000 24.64166000 75.19536000 -106.75520000 32.68245000 40.04483000
//-collider
COAABB Y 91.000 -105.000 50.600 91.500 -35.000 56.100
//-collider
COOBB Y 81.57609000 -106.62070000 -28.10853000 81.14959000 -106.62070000 -28.36949000 82.78452000 -106.62070000 -30.08351000 40.00000000
//-collider
COOBB Y 135.50000000 -105.00000000 -26.40001000 135.20000000 -105.00000000 -26.80001000 137.50000000 -105.00000000 -27.90001000 70.00000000
//-collider
COOBB Y 100.50000000 -105.00000000 -27.90001000 100.77730000 -105.00000000 -28.31604000 102.00000000 -105.00000000 -26.90001000 70.00000000
//collider
COOBB N 382.44540000 -72.72844000 -6.81788100 382.63010000 -72.72844000 -6.74105100 380.97160000 -72.72844000 -3.27545400 30.00000000
//collider
COOBB N 364.54790000 -78.20000000 5.98667600 364.62780000 -78.20000000 5.80334100 366.11420000 -78.20000000 6.66979400 14.20000000
//-collider
COAABB Y 116.124 -85.956 -20.164 116.754 -77.954 -2.977
//-collider
COAABB Y 43.000 -105.000 -5.400 53.500 -35.000 -4.900
//-collider
COOBB Y 93.00000000 -105.00000000 41.59999000 93.41603000 -105.00000000 41.87734000 92.00000000 -105.00000000 43.09999000 70.00000000
//-collider
COOBB Y 198.50000000 -105.00000000 1.59998000 198.98080000 -105.00000000 1.73734100 197.50000000 -105.00000000 5.09998000 70.00000000
//-collider
COOBB Y 81.29999000 -106.67450000 3.89999800 81.66912000 -106.67450000 4.23725400 79.80076000 -106.67450000 5.54093500 40.37445000
//collider
COOBB N 392.59330000 -78.18292000 -5.56894000 392.51370000 -78.18292000 -5.38547100 391.00660000 -78.18292000 -6.25779500 17.87950000
//collider
COOBB N 365.21160000 -78.20000000 4.38638900 365.39640000 -78.20000000 4.46301400 364.54790000 -78.20000000 5.98666900 14.21707000
//-collider
COOBB Y 135.00000000 -105.00000000 -77.40001000 135.47430000 -105.00000000 -77.55812000 136.00000000 -105.00000000 -74.40001000 70.00000000
//collider
COAABB N 110.000 -105.000 -16.900 112.000 -35.000 -16.400
//-collider
COOBB Y 85.80901000 -106.62070000 12.59368000 85.79928000 -106.62070000 12.09377000 89.22636000 -106.62070000 12.52710000 40.00000000
//-collider
COOBB Y 159.50000000 -105.00000000 15.09998000 159.14650000 -105.00000000 14.74643000 161.00000000 -105.00000000 13.59998000 70.00000000
//collider
COOBB N 373.75940000 -78.18292000 11.92873000 373.83350000 -78.18292000 12.11451000 372.15260000 -78.18292000 12.56956000 17.87950000
//-collider
COOBB Y 91.99999000 -105.00000000 -31.90001000 92.41602000 -105.00000000 -32.17736000 92.99999000 -105.00000000 -30.40001000 70.00000000
//-collider
COOBB Y 142.50000000 -105.00000000 28.09999000 142.00500000 -105.00000000 28.02928000 143.00000000 -105.00000000 24.59999000 70.00000000
//collider
COAABB N 102.000 -105.000 -26.900 102.500 -35.000 -17.900
//-collider
COOBB Y 81.59700000 -106.62070000 46.40717000 81.10091000 -106.62070000 46.34484000 82.05544000 -106.62070000 42.75875000 40.00000000
//-collider
COOBB Y 352.96720000 -105.00000000 25.39111000 352.47060000 -105.00000000 25.44913000 352.55630000 -105.00000000 21.87354000 70.00000000
//collider
COOBB N 352.63540000 -105.00000000 -7.61665800 352.14690000 -105.00000000 -7.50981500 349.58360000 -105.00000000 -21.56826000 70.00000000
//collider
COAABB N 147.000 -105.000 5.600 147.500 -35.000 16.600
//-collider
COOBB Y 142.84450000 -85.48228000 -2.67607000 142.34450000 -85.48228000 -2.68156100 143.03660000 -85.48228000 -20.17572000 12.99384000
//-collider
COOBB Y 159.50000000 -105.00000000 7.59998400 159.03580000 -105.00000000 7.41428900 160.50000000 -105.00000000 5.09998400 70.00000000
//-collider
COOBB Y 136.50000000 -105.00000000 -41.40001000 136.34190000 -105.00000000 -40.92566000 133.50000000 -105.00000000 -42.40001000 70.00000000
//collider
COOBB N 404.03290000 -105.00000000 9.55361100 404.38680000 -105.00000000 9.90682200 390.19740000 -105.00000000 23.41587000 70.00000000
//-collider
COOBB Y 114.00000000 -105.00000000 52.59999000 113.50500000 -105.00000000 52.67070000 113.50000000 -105.00000000 49.09999000 70.00000000
//-collider
COOBB Y 117.70210000 -105.00000000 24.12467000 117.94560000 -105.00000000 24.56137000 116.25710000 -105.00000000 24.93045000 70.12874000
//-collider
COOBB Y 30.50000000 -105.00000000 -6.89999800 30.30304000 -105.00000000 -7.35957100 34.00000000 -105.00000000 -8.40000600 70.00000000
//-collider
COOBB Y 141.08880000 -105.44060000 -24.19043000 140.97350000 -105.44060000 -24.67696000 142.99850000 -105.44060000 -24.64287000 70.59917000
//-collider
COOBB Y 171.50000000 -105.00000000 27.09998000 171.91200000 -105.00000000 27.38318000 170.92530000 -105.00000000 27.93618000 70.00000000
//-collider
COOBB Y -5.50000500 -105.00000000 1.59999900 -5.05279100 -105.00000000 1.82360600 -7.00000400 -105.00000000 4.59999800 70.00000000
//collider
COOBB N 384.95410000 -74.50343000 -12.12821000 384.76930000 -74.50343000 -12.05175000 384.28320000 -74.50343000 -13.74981000 15.97499000
//-collider
COOBB Y 125.68710000 -85.96000000 10.77513000 125.93370000 -85.96000000 10.34018000 127.47940000 -85.96000000 11.79135000 8.00000000
//collider
COOBB N 381.95540000 -72.72844000 -2.25008200 381.88190000 -72.72844000 -2.43610300 385.61510000 -72.72844000 -3.69592600 30.00000000
//-collider
COOBB Y 81.61782000 -106.62070000 -35.94647000 81.19640000 -106.62070000 -36.21555000 82.80727000 -106.62070000 -37.80936000 40.00000000
//-collider
COOBB Y 142.75790000 -82.26343000 2.28080600 142.38360000 -82.26343000 2.61233700 141.71090000 -82.26343000 1.09879700 9.77499400
//-collider
COOBB Y 133.50000000 -105.00000000 28.09999000 133.59810000 -105.00000000 28.59028000 131.00000000 -105.00000000 28.59999000 70.00000000
//-collider
COOBB Y 265.22990000 -105.00000000 -23.07843000 265.22350000 -105.00000000 -23.57839000 281.35120000 -105.00000000 -23.28599000 70.00000000
//collider
COAABB N 147.000 -105.500 -16.900 147.500 -35.500 -5.400
//-collider
COOBB Y 284.37600000 -78.18292000 12.07188000 284.00160000 -78.18292000 12.40327000 283.42370000 -78.18292000 10.99595000 33.67950000
//collider
COOBB N 349.58940000 -105.00000000 21.42889000 349.10190000 -105.00000000 21.31784000 352.80510000 -105.00000000 7.31277600 70.00000000
//-collider
COOBB Y -0.99999570 -105.00000000 8.59999900 -1.35354900 -105.00000000 8.95355300 -5.49999700 -105.00000000 4.09999900 70.00000000
//-collider
COOBB Y 132.90310000 -85.96000000 10.67715000 133.25610000 -85.96000000 10.32300000 134.96510000 -85.96000000 12.73216000 8.00000000
//collider
COAABB N 66.036 -106.621 -23.045 73.671 -66.621 -22.525
//-collider
COOBB Y 93.79792000 -105.00000000 -24.20042000 93.29867000 -105.00000000 -24.22769000 93.99999000 -105.00000000 -27.90001000 70.00000000
//-collider
COOBB Y 82.82906000 -106.62070000 26.15821000 82.42839000 -106.62070000 26.45732000 81.78313000 -106.62070000 24.75720000 40.00000000
//-collider
COOBB Y 281.35110000 -105.00000000 -23.28599000 281.70780000 -105.00000000 -23.63644000 282.48410000 -105.00000000 -22.13309000 70.00000000
//-collider
COOBB Y 113.00000000 -105.00000000 68.09999000 112.52570000 -105.00000000 67.94188000 114.00000000 -105.00000000 65.09999000 70.00000000
//-collider
COOBB Y 94.87444000 -106.62070000 -2.03980100 94.46427000 -106.62070000 -1.75387200 93.61266000 -106.62070000 -3.84987100 40.00000000
//-collider
COOBB Y 379.07300000 -105.00000000 -33.24971000 378.74480000 -105.00000000 -33.62687000 381.46800000 -105.00000000 -35.33418000 70.00000000
//-collider
COOBB Y 92.00000000 -105.00000000 35.59999000 92.39999000 -105.00000000 35.29999000 93.50000000 -105.00000000 37.59999000 70.00000000
//collider
COOBB N 381.46800000 -105.00000000 -35.33417000 381.86680000 -105.00000000 -35.63573000 390.23270000 -105.00000000 -23.74306000 70.00000000
//-collider
COOBB Y 146.50000000 -105.00000000 -68.40002000 146.95950000 -105.00000000 -68.20306000 145.00000000 -105.00000000 -64.90002000 70.00000000
//-collider
COOBB Y 124.50000000 -105.00000000 77.59999000 124.04040000 -105.00000000 77.79695000 123.00000000 -105.00000000 74.09999000 70.00000000
//-collider
COOBB Y 132.00000000 -105.00000000 39.59999000 132.35460000 -105.00000000 39.95255000 131.19120000 -105.00000000 40.41338000 70.00000000
//-collider
COAABB Y 43.000 -105.000 4.600 53.500 -35.000 5.100
//-collider
COOBB Y 141.69560000 -80.48844000 -0.84579120 141.27210000 -80.48844000 -1.11161200 142.84450000 -80.48844000 -2.67607100 8.00000000
//-collider
COOBB Y 274.75480000 -78.20000000 11.94528000 275.13480000 -78.20000000 11.62033000 276.54130000 -78.20000000 14.03455000 30.01707000
//-collider
COOBB Y 352.89910000 -105.00000000 -22.25231000 352.39950000 -105.00000000 -22.23334000 352.77010000 -105.00000000 -25.65122000 70.00000000
//-collider
COOBB Y 140.69050000 -85.94293000 20.14439000 141.01420000 -85.94293000 19.76334000 141.49830000 -85.94293000 20.83069000 8.00000000
//-collider
COAABB Y 142.500 -105.500 -28.400 148.500 -35.500 -27.900
//collider
COOBB N 390.19740000 -105.00000000 23.41588000 390.57470000 -105.00000000 23.74396000 380.38970000 -105.00000000 34.69514000 70.00000000
//-collider
COOBB Y 136.84700000 -85.94293000 -10.91872000 136.51970000 -85.94293000 -10.54066000 134.94300000 -85.94293000 -12.56659000 8.00000000
//-collider
COOBB Y 123.50000000 -105.00000000 26.09999000 123.85350000 -105.00000000 26.45354000 121.50000000 -105.00000000 28.09999000 70.00000000
//-collider
COOBB Y 129.32290000 -85.96000000 10.80149000 129.53790000 -85.96000000 10.35008000 131.53950000 -85.96000000 11.85737000 8.00000000
//-collider
COOBB Y 92.00000000 -105.00000000 39.59999000 92.44722000 -105.00000000 39.37638000 93.00000000 -105.00000000 41.59999000 70.00000000
//-collider
COOBB Y 66.99999000 -105.00000000 -48.90001000 66.64644000 -105.00000000 -49.25357000 69.00000000 -105.00000000 -50.90001000 70.00000000
//-collider
COOBB Y 80.47714000 -106.62070000 45.07565000 80.85980000 -106.62070000 44.75382000 81.59702000 -106.62070000 46.40718000 40.00000000
//collider
COAABB N 376.171 -78.200 3.443 381.050 -48.183 3.663
//-collider
COOBB Y 146.00000000 -105.00000000 -49.90002000 146.33340000 -105.00000000 -49.52740000 136.50000000 -105.00000000 -41.40001000 70.00000000
//-collider
COOBB Y 120.00000000 -105.00000000 -75.40001000 120.15810000 -105.00000000 -75.87434000 123.00000000 -105.00000000 -74.40001000 70.00000000
//-collider
COOBB Y 200.50000000 -105.00000000 6.09998000 200.04310000 -105.00000000 6.30304900 198.50000000 -105.00000000 1.59997900 70.00000000
//-collider
COAABB Y 142.258 -85.943 2.281 142.886 -74.263 20.078
//-collider
COAABB Y 124.500 -105.000 28.100 128.000 -35.000 28.600
//-collider
COOBB Y 116.25360000 -85.95787000 -2.97713400 116.72560000 -85.95787000 -3.14215900 117.24250000 -85.95787000 -0.14874410 8.00213600
//-collider
COOBB Y 283.73050000 -105.00000000 22.98676000 283.38530000 -105.00000000 23.34842000 282.49880000 -105.00000000 21.81097000 70.00000000
//-collider
COOBB Y 282.48400000 -105.00000000 -22.13310000 282.12940000 -105.00000000 -22.48551000 283.55820000 -105.00000000 -23.21420000 70.00000000
//-collider
COOBB Y 93.84013000 -106.62070000 -19.58026000 93.34178000 -106.62070000 -19.53971000 93.73796000 -106.62070000 -20.83592000 40.00000000
//collider
COAABB N 172.100 -78.200 22.910 181.100 -66.700 23.410
//-collider
COOBB Y 218.34320000 -105.50000000 -8.65002300 218.72200000 -105.50000000 -8.97646000 222.41200000 -105.50000000 -3.92941100 70.00000000
//-collider
COOBB Y 81.59607000 -106.62070000 39.59458000 81.16544000 -106.62070000 39.34050000 82.82156000 -106.62070000 37.51747000 40.00000000
//-collider
COOBB Y 276.60140000 -78.20000000 -13.79290000 276.94760000 -78.20000000 -13.43217000 274.79060000 -78.20000000 -12.05496000 30.01707000
//-collider
COOBB Y 90.80046000 -106.62070000 -19.39767000 91.30016000 -106.62070000 -19.41519000 90.95915000 -106.62070000 -14.87086000 40.00000000
//-collider
COOBB Y 92.99999000 -105.00000000 -37.90001000 93.44721000 -105.00000000 -37.67640000 91.99999000 -105.00000000 -35.90001000 70.00000000
//-collider
COOBB Y 90.95914000 -106.62070000 -14.87086000 91.33791000 -106.62070000 -14.54446000 89.05152000 -106.62070000 -12.65716000 40.00000000
//collider
COOBB N 366.38730000 -105.00000000 23.50875000 366.45670000 -105.00000000 24.00390000 352.96720000 -105.00000000 25.39111000 70.00000000
//-collider
COOBB Y 167.00000000 -105.50000000 -35.40001000 167.35350000 -105.50000000 -35.75357000 169.00000000 -105.50000000 -33.40001000 70.00000000
//collider
COAABB N 72.229 -106.621 -45.267 72.767 -66.621 -34.179
//-collider
COOBB Y 246.50000000 -105.00000000 2.09997600 246.94720000 -105.00000000 2.32358300 244.50000000 -105.00000000 6.09997600 70.00000000
//-collider
COOBB Y 91.99999000 -105.00000000 -35.90001000 92.44721000 -105.00000000 -36.12362000 92.99999000 -105.00000000 -33.90001000 70.00000000
//-collider
COOBB Y 129.53700000 -85.94293000 -10.76800000 129.33770000 -85.94293000 -10.30940000 127.40360000 -85.94293000 -11.69479000 8.00000000
//-collider
COOBB Y 81.62087000 -106.62070000 -32.03078000 81.19715000 -106.62070000 -32.29622000 82.69198000 -106.62070000 -33.74060000 40.00000000
//-collider
COOBB Y 120.00000000 -105.00000000 75.59999000 119.63450000 -105.00000000 75.94115000 113.00000000 -105.00000000 68.09999000 70.00000000
//-collider
COOBB Y 133.50000000 -105.00000000 -28.40001000 133.85350000 -105.00000000 -28.75357000 135.50000000 -105.00000000 -26.40001000 70.00000000
//-collider
COOBB Y 81.39009000 -106.62070000 -46.31175000 81.78291000 -106.62070000 -46.00242000 80.75029000 -106.62070000 -45.49925000 40.00000000
//-collider
COOBB Y 171.10000000 -78.20000000 -2.09000100 171.54720000 -78.20000000 -1.86639500 170.10000000 -78.20000000 -0.09000152 8.00000000
//-collider
COOBB Y 244.50000000 -105.00000000 6.09997600 244.91600000 -105.00000000 5.82262600 246.50000000 -105.00000000 9.09997600 70.00000000
//collider
COAABB N 179.600 -74.700 -12.090 181.100 -64.700 -11.590
//-collider
COOBB Y 227.38810000 -105.00000000 9.28883700 227.02640000 -105.00000000 9.63413700 222.45870000 -105.00000000 4.12651200 70.00000000
//collider
COAABB N 177.600 -72.700 -10.090 178.100 -64.700 10.410
//collider
COOBB N 66.03770000 -106.62070000 -23.04507000 66.53764000 -106.62070000 -23.05291000 66.31007000 -106.62070000 -5.66715000 40.00000000
//collider
COOBB N 372.81130000 -78.20000000 14.17194000 372.73860000 -78.20000000 13.98560000 374.40330000 -78.20000000 13.55098000 14.20000000
//-collider
COOBB Y 145.00000000 -105.00000000 -52.40002000 145.46420000 -105.00000000 -52.58571000 146.00000000 -105.00000000 -49.90002000 70.00000000
//-collider
COOBB Y 352.55630000 -105.00000000 21.87354000 352.48220000 -105.00000000 22.36801000 349.58940000 -105.00000000 21.42889000 70.00000000
//-collider
COAABB Y 83.422 -106.621 14.728 83.923 -66.621 19.533
//-collider
COOBB Y 81.66219000 -106.62070000 -39.77697000 81.23536000 -106.62070000 -40.03739000 82.80605000 -106.62070000 -41.65180000 40.00000000
//-collider
COOBB Y 222.41200000 -105.50000000 -3.92940800 222.06280000 -105.50000000 -4.28723000 227.15340000 -105.50000000 -8.55694900 70.00000000
//collider
COOBB N 381.05040000 -78.18292000 3.64254100 381.23460000 -78.18292000 3.56454600 382.53930000 -78.18292000 7.15857400 30.00000000
//collider
COOBB N 385.59130000 -78.18292000 4.01322400 385.51850000 -78.18292000 4.19950900 382.08180000 -78.18292000 2.64137000 33.67950000
//collider
COAABB N 108.500 -105.000 -26.400 109.000 -35.000 -17.900
//-collider
COOBB Y 264.61620000 -105.00000000 4.14036900 264.96840000 -105.00000000 4.49521500 263.33810000 -105.00000000 5.40909900 70.00000000
//-collider
COAABB Y 227.153 -105.500 -9.057 246.504 -35.500 -8.400
//collider
COOBB N 73.48638000 -106.71040000 22.84699000 73.85748000 -106.71040000 22.51191000 75.11154000 -106.71040000 24.64688000 40.08963000
//-collider
COOBB Y 246.50000000 -105.00000000 -8.40002200 246.89040000 -105.00000000 -8.08767400 244.50000000 -105.00000000 -5.90002200 70.00000000
//collider
COOBB N 376.22490000 -78.18292000 -3.25365800 376.04050000 -78.18292000 -3.17627600 374.71100000 -78.18292000 -6.86214700 33.67950000
//-collider
COOBB Y 109.00000000 -105.00000000 -26.40001000 108.64640000 -105.00000000 -26.75356000 110.50000000 -105.00000000 -27.90001000 70.00000000
//-collider
COAABB Y 86.000 -105.000 -58.400 89.000 -35.000 -57.900
//-collider
COOBB Y 91.99999000 -105.00000000 -39.90001000 92.44721000 -105.00000000 -40.12362000 92.99999000 -105.00000000 -37.90001000 70.00000000
//-collider
COOBB Y 293.84710000 -105.00000000 13.03318000 294.34700000 -105.00000000 13.03924000 293.72650000 -105.00000000 22.98345000 70.00000000
//-collider
COOBB Y 40.50000000 -105.00000000 5.59999500 40.70953000 -105.00000000 6.05397500 34.00000000 -105.00000000 8.59999600 70.00000000
//collider
COOBB N 371.53380000 -78.20000000 -3.65470600 371.60750000 -78.20000000 -3.84066500 375.08060000 -78.20000000 -2.25002700 30.00000000
//-collider
COOBB Y 92.90578000 -105.00000000 -24.31607000 92.97005000 -105.00000000 -24.81192000 93.79792000 -105.00000000 -24.20042000 70.00000000
//-collider
COOBB Y 89.22633000 -106.62070000 12.52711000 89.57424000 -106.62070000 12.16800000 91.14716000 -106.62070000 14.38800000 40.00000000
//-collider
COOBB Y 159.50000000 -105.50000000 -7.40001500 159.05280000 -105.50000000 -7.62362200 160.50000000 -105.50000000 -9.40001600 70.00000000
//-collider
COOBB Y 160.50000000 -105.50000000 -13.40001000 160.05280000 -105.50000000 -13.17640000 159.50000000 -105.50000000 -15.40001000 70.00000000
//collider
COOBB N 80.75028000 -106.62070000 -45.49925000 80.76397000 -106.62070000 -44.99944000 72.26731000 -106.62070000 -45.26693000 40.00000000
//collider
COOBB N 384.28320000 -78.18292000 -13.74980000 384.35980000 -78.18292000 -13.56503000 382.68520000 -78.18292000 -13.08756000 17.87950000
//-collider
COOBB Y 123.00000000 -105.00000000 -74.40001000 122.55280000 -105.00000000 -74.62362000 124.50000000 -105.00000000 -77.40000000 70.00000000
//-collider
COOBB Y 123.50000000 -105.00000000 -40.90001000 123.18340000 -105.00000000 -40.51303000 112.50000000 -105.00000000 -49.90001000 70.00000000
//-collider
COAABB Y 86.000 -105.000 58.100 89.000 -35.000 58.600
//-collider
COOBB Y 160.50000000 -105.50000000 -9.40001200 160.05280000 -105.50000000 -9.17640500 159.50000000 -105.50000000 -11.40001000 70.00000000
//-collider
COOBB Y 83.99999000 -105.00000000 -55.90001000 83.64644000 -105.00000000 -56.25357000 86.00000000 -105.00000000 -57.90001000 70.00000000
//-collider
COOBB Y 171.05790000 -105.00000000 33.78757000 171.42650000 -105.00000000 34.12541000 168.32830000 -105.00000000 36.76561000 70.00000000
//-collider
COOBB Y 139.50000000 -105.00000000 -74.90000000 139.84020000 -105.00000000 -75.26640000 146.50000000 -105.00000000 -68.40002000 70.00000000
//collider
COAABB N 66.309 -106.621 -6.192 79.808 -66.621 -5.667
//-collider
COAABB Y 264.815 -105.000 -10.850 265.335 -35.000 -7.357
//-collider
COOBB Y 281.45180000 -78.18292000 12.85957000 281.80320000 -78.18292000 12.50386000 282.51750000 -78.18292000 13.91231000 30.00000000
//-collider
COOBB Y 113.50000000 -105.00000000 49.09999000 113.18770000 -105.00000000 48.70956000 123.50000000 -105.00000000 41.09999000 70.00000000
//-collider
COOBB Y 284.42070000 -72.72844000 -11.97508000 284.06590000 -72.72844000 -11.62276000 282.50540000 -72.72844000 -13.90375000 30.00000000
//-collider
COOBB Y 159.71650000 -105.50000000 -4.68801600 159.21810000 -105.50000000 -4.64822900 159.50000000 -105.50000000 -7.40001300 70.00000000
//-collider
COOBB Y 170.10000000 -78.20000000 -4.09000100 170.54720000 -78.20000000 -4.31360700 171.10000000 -78.20000000 -2.09000100 8.00000000
//-collider
COOBB Y 123.00000000 -105.00000000 74.10000000 123.22360000 -105.00000000 74.54721000 120.00000000 -105.00000000 75.59999000 70.00000000
//-collider
COOBB Y 265.14590000 -105.00000000 7.46936700 264.77280000 -105.00000000 7.13652700 266.56380000 -105.00000000 5.87987500 70.00000000
//-collider
COOBB Y 93.60169000 -106.62070000 3.66559200 93.17944000 -106.62070000 3.39783100 94.69913000 -106.62070000 1.93491500 40.00000000
//-collider
COOBB Y 125.00000000 -105.00000000 27.59999000 124.64640000 -105.00000000 27.95354000 123.50000000 -105.00000000 26.09999000 70.00000000
//collider
COOBB N 366.80240000 -78.18292000 5.06582300 366.72380000 -78.18292000 5.24976100 365.21160000 -78.18292000 4.38638400 17.87950000
//-collider
COAABB Y 247.355 -105.000 5.306 263.338 -35.000 5.909
//-collider
COAABB Y 282.924 -74.503 -11.060 283.516 -42.728 10.996
//-collider
COAABB Y 22.458 -105.000 -8.993 27.111 -35.000 -8.485
//collider
COOBB N 75.19536000 -106.77760000 32.68245000 75.43279000 -106.77760000 33.12248000 72.24147000 -106.77760000 34.27628000 40.02242000
//collider
COAABB N 110.500 -105.000 16.600 112.000 -35.000 17.100
//-collider
COOBB Y 292.64140000 -105.00000000 11.92550000 292.97960000 -105.00000000 11.55729000 293.84710000 -105.00000000 13.03318000 70.00000000
//-collider
COOBB Y 159.50000000 -105.50000000 -15.40001000 159.05280000 -105.50000000 -15.62362000 160.50000000 -105.50000000 -17.40001000 70.00000000
//-collider
COOBB Y 92.99999000 -105.00000000 -33.90001000 93.44721000 -105.00000000 -33.67640000 91.99999000 -105.00000000 -31.90000000 70.00000000
//-collider
COOBB Y 140.45160000 -85.94293000 -20.01685000 140.86720000 -85.94293000 -20.29480000 141.32750000 -85.94293000 -18.70719000 8.00000000
//collider
COOBB N 178.10000000 -72.70000000 -10.09000000 177.74650000 -72.70000000 -10.44355000 179.60000000 -72.70000000 -11.59000000 8.00000000
//-collider
COOBB Y 141.37520000 -105.00000000 24.17094000 141.86330000 -105.00000000 24.27965000 140.50000000 -105.00000000 28.09999000 70.12874000
//-collider
COOBB Y 125.84540000 -85.94293000 -10.71240000 125.52720000 -85.94293000 -10.32670000 123.39080000 -85.94293000 -12.73724000 8.00000000
//collider
COOBB N 390.23270000 -105.00000000 -23.74306000 390.59170000 -105.00000000 -24.09105000 404.09300000 -105.00000000 -9.44290600 70.00000000
