COCOUNT 374
//-coll_wall_482
COOBB Y -82.27736000 -68.43781000 -395.81410000 -85.44214000 -68.43781000 -400.84790000 -80.25427000 -68.43781000 -397.08610000 30.00000000
//-coll_wall_526
COOBB Y -50.29926000 -68.43781000 -496.85240000 -52.41198000 -68.43781000 -491.29440000 -52.53303000 -68.43781000 -497.70150000 30.00000000
//-coll_rocks_514
COOBB Y 16.20009000 -69.82395000 -460.22440000 14.62614000 -69.82395000 -452.12710000 11.00185000 -69.82395000 -461.23480000 36.19890000
//-coll_wall_468
COOBB Y -9.88713700 -68.43781000 -355.69500000 -14.09533000 -68.43781000 -359.89570000 -8.19886200 -68.43781000 -357.38630000 30.00000000
//-coll_rocks_566
COOBB Y 7.76883200 -63.42954000 -315.87090000 4.41372600 -63.42954000 -308.33520000 2.93112200 -63.42954000 -318.02480000 36.19890000
//-coll_rocks_482
COOBB Y 62.98964000 -69.82395000 -394.28010000 69.40019000 -69.82395000 -399.47130000 66.32222000 -69.82395000 -390.16470000 36.19890000
//-coll_wall_307
COOBB Y -71.28178000 -68.57210000 -491.72150000 -72.89114000 -68.57210000 -493.33820000 -60.51267000 -68.57210000 -502.44180000 30.00000000
//-coll_wall_295
COOBB Y -97.65700000 -68.43781000 -456.68880000 -96.84073000 -68.43781000 -450.79910000 -100.02410000 -68.43781000 -456.36080000 30.00000000
//-coll_wall_498
COOBB Y -62.36312000 -68.43781000 -432.25510000 -63.42045000 -68.43781000 -426.40390000 -64.71474000 -68.43781000 -432.68010000 30.00000000
//-coll_wall_450
COOBB Y 13.43445000 -68.43781000 -400.39600000 19.03001000 -68.43781000 -398.38490000 12.62618000 -68.43781000 -398.14710000 30.00000000
//-coll_wall_519
COOBB Y -56.29113000 -68.43781000 -492.81910000 -54.04638000 -68.43781000 -498.32500000 -54.07825000 -68.43781000 -491.91690000 30.00000000
//-coll_wall_361
COOBB Y 87.38076000 -68.43781000 -400.03820000 83.18755000 -68.43781000 -395.82250000 85.68647000 -68.43781000 -401.72350000 30.00000000
//-coll_wall_238
COOBB Y 52.55959000 -68.43781000 -347.67730000 50.42360000 -68.43781000 -342.12820000 50.32939000 -68.43781000 -348.53570000 30.00000000
//-coll_wall_397
COOBB Y 19.88750000 -68.43781000 -413.75160000 20.38990000 -68.43781000 -419.67630000 22.26867000 -68.43781000 -413.54970000 30.00000000
//-coll_wall_283
COOBB Y -113.80990000 -68.43781000 -398.87770000 -117.99690000 -68.43781000 -403.09950000 -112.11310000 -68.43781000 -400.56050000 30.00000000
//-coll_wall_504
COOBB Y -66.30779000 -68.43781000 -413.37180000 -62.01043000 -68.43781000 -417.48130000 -64.65619000 -68.43781000 -411.64470000 30.00000000
//-coll_wall_312
COAABB Y -57.444 -68.438 -512.338 -55.028 -38.438 -506.382
//-coll_wall_103
COOBB Y 47.16372000 -68.57210000 -322.35520000 45.24228000 -68.57210000 -321.12560000 38.97355000 -68.57210000 -335.15440000 30.00000000
//-coll_rocks_553
COOBB Y -29.65633000 -63.42954000 -351.94890000 -37.90353000 -63.42954000 -351.78450000 -29.76187000 -63.42954000 -357.24340000 36.19890000
//-coll_wall_329
COOBB Y 5.49408900 -68.57210000 -518.94960000 3.87415400 -68.57210000 -517.34350000 -5.20447600 -68.57210000 -529.74050000 30.00000000
//-coll_wall_464
COOBB Y 5.55540100 -68.43781000 -398.32320000 -0.12307640 -68.43781000 -400.08660000 6.26412900 -68.43781000 -400.60540000 30.00000000
//-coll_rocks_490
COOBB Y 86.17043000 -48.63605000 -420.22320000 86.54070000 -48.63605000 -423.67720000 91.36109000 -48.63605000 -419.66680000 15.11890000
//-coll_rocks_529
COOBB Y -61.58147000 -69.76905000 -432.32820000 -68.42007000 -69.76905000 -427.71550000 -64.54269000 -69.76905000 -436.71840000 36.19890000
//-coll_rocks_498
COOBB Y 89.53655000 -69.82395000 -416.76630000 95.56937000 -69.82395000 -411.14060000 85.92501000 -69.82395000 -412.89340000 36.19890000
//-coll_rocks_481
COOBB Y 59.03442000 -69.82395000 -396.73530000 67.28200000 -69.82395000 -396.59140000 58.94200000 -69.82395000 -391.44060000 36.19890000
//-coll_wall_249
COOBB Y -95.55912000 -68.57210000 -366.40740000 -93.93709000 -68.57210000 -368.01140000 -84.87468000 -68.57210000 -355.60270000 30.00000000
//-coll_wall_349
COAABB Y 28.611 -68.438 -439.207 34.563 -38.438 -436.801
//-coll_wall_277
COOBB Y -92.32439000 -68.43781000 -372.18070000 -96.51141000 -68.43781000 -376.40250000 -90.62763000 -68.43781000 -373.86350000 30.00000000
//-coll_wall_514
COOBB Y -63.46660000 -68.43781000 -485.89160000 -59.25086000 -68.43781000 -490.08470000 -61.78136000 -68.43781000 -484.19730000 30.00000000
//-coll_rocks_489
COOBB Y 84.15893000 -67.37485000 -422.59520000 84.52920000 -67.37485000 -426.04920000 89.34959000 -67.37485000 -422.03880000 15.11890000
//-coll_wall_377
COOBB Y 35.54067000 -68.43781000 -382.46300000 37.09493000 -68.43781000 -376.72370000 33.23405000 -68.43781000 -381.83830000 30.00000000
//-coll_wall_407
COOBB Y 1.84618700 -68.43781000 -421.22470000 -3.74662700 -68.43781000 -423.24340000 2.65751600 -68.43781000 -423.47250000 30.00000000
//-coll_rocks_513
COOBB Y 22.93027000 -69.82395000 -445.50560000 14.92646000 -69.82395000 -443.51010000 21.64917000 -69.82395000 -450.64390000 36.19890000
//-coll_prop_420
COOBB Y -10.49817000 -69.53799000 -517.41620000 12.27527000 -69.53799000 -513.43220000 -16.16773000 -69.53799000 -485.00780000 30.00000000
//-coll_wall_508
COOBB Y -66.83589000 -68.43781000 -403.32720000 -68.73085000 -68.43781000 -408.96320000 -64.57079000 -68.43781000 -404.08880000 30.00000000
//-coll_wall_454
COOBB Y 7.19362500 -68.43781000 -397.84370000 9.31495000 -68.43781000 -392.28890000 4.96117300 -68.43781000 -396.99110000 30.00000000
//-coll_wall_408
COOBB Y 1.74284200 -68.43781000 -422.22370000 -3.13691700 -68.43781000 -425.62120000 3.10829200 -68.43781000 -424.18490000 30.00000000
//-coll_wall_506
COOBB Y -66.89978000 -68.43781000 -408.20960000 -68.52585000 -68.43781000 -413.92890000 -64.60117000 -68.43781000 -408.86310000 30.00000000
//-coll_rocks_475
COOBB Y 67.06035000 -53.11305000 -400.78520000 70.43266000 -53.11305000 -401.61860000 68.31277000 -53.11305000 -395.71730000 15.11890000
//-coll_rocks_572
COAABB Y 35.371 -64.140 -365.109 43.620 -27.941 -359.813
//-coll_rocks_488
COOBB Y 84.15893000 -53.11305000 -422.59520000 84.52920000 -53.11305000 -426.04920000 89.34959000 -53.11305000 -422.03880000 15.11890000
//-coll_wall_490
COOBB Y -86.35656000 -68.43781000 -420.58410000 -82.40572000 -68.43781000 -425.02770000 -84.57066000 -68.43781000 -418.99620000 30.00000000
//-coll_wall_458
COOBB Y 17.70506000 -68.43781000 -392.24900000 17.62427000 -68.43781000 -398.19450000 20.09455000 -68.43781000 -392.28150000 30.00000000
//-coll_wall_513
COOBB Y -54.28270000 -68.43781000 -486.84690000 -50.20779000 -68.43781000 -482.51680000 -56.02298000 -68.43781000 -485.20920000 30.00000000
//-coll_wall_398
COOBB Y 16.04923000 -68.43781000 -414.95560000 18.09780000 -68.43781000 -409.37370000 13.80583000 -68.43781000 -414.13230000 30.00000000
//-coll_wall_485
COOBB Y -84.78544000 -68.43781000 -411.07070000 -88.08496000 -68.43781000 -416.01720000 -82.79742000 -68.43781000 -412.39680000 30.00000000
//-coll_rocks_478
COOBB Y 66.48288000 -53.11305000 -394.32100000 65.70849000 -53.11305000 -397.70730000 71.57191000 -53.11305000 -395.48470000 15.11890000
//-coll_wall_323
COOBB Y 29.53189000 -68.57210000 -439.96530000 27.91005000 -68.57210000 -438.36120000 18.84618000 -68.57210000 -450.76880000 30.00000000
//-coll_rocks_559
COOBB Y -15.27723000 -63.42954000 -306.48850000 -23.02860000 -63.42954000 -303.66730000 -17.08840000 -63.42954000 -311.46470000 36.19890000
//-coll_wall_414
COOBB Y 15.01107000 -68.43781000 -426.38730000 12.96251000 -68.43781000 -431.96930000 17.25447000 -68.43781000 -427.21070000 30.00000000
//-coll_wall_342
COAABB Y 60.606 -68.572 -446.368 75.806 -38.572 -444.054
//-coll_wall_357
COAABB Y 90.447 -68.438 -413.911 92.853 -38.438 -407.959
//-coll_wall_298
COOBB Y -77.46801000 -68.57210000 -466.82800000 -79.05955000 -68.57210000 -468.46220000 -66.58205000 -68.57210000 -477.42970000 30.00000000
//-coll_wall_360
COOBB Y 91.28933000 -68.43781000 -403.93820000 87.09612000 -68.43781000 -399.72250000 89.59504000 -68.43781000 -405.62340000 30.00000000
//-coll_rocks_504
COOBB Y 72.56645000 -53.11305000 -433.01850000 70.38596000 -53.11305000 -435.72260000 76.63028000 -53.11305000 -436.29530000 15.11890000
//-coll_wall_470
COOBB Y -14.17851000 -68.43781000 -357.28860000 -8.24515100 -68.43781000 -357.67590000 -14.02285000 -68.43781000 -354.90400000 30.00000000
//-coll_rocks_483
COOBB Y 70.52056000 -69.82395000 -401.67600000 78.16875000 -69.82395000 -398.58590000 68.53682000 -69.82395000 -396.76600000 36.19890000
//-coll_wall_388
COOBB Y 22.37026000 -68.43781000 -413.53320000 18.17705000 -68.43781000 -409.31750000 20.67598000 -68.43781000 -415.21850000 30.00000000
//coll_prop_383
COAACYLINDER N 40.276 -59.874 -436.891 2.781 10.000
//-coll_wall_341
COAABB Y 45.705 -68.572 -446.368 60.905 -38.572 -444.054
//-coll_rocks_496
COOBB Y 89.81814000 -69.82395000 -420.63210000 96.04362000 -69.82395000 -415.22040000 86.34396000 -69.82395000 -416.63560000 36.19890000
//-coll_wall_452
COOBB Y 7.96501100 -68.43781000 -393.98740000 12.21110000 -68.43781000 -389.82500000 6.29213400 -68.43781000 -392.28090000 30.00000000
//-coll_wall_248
COOBB Y -85.47773000 -68.57210000 -356.17940000 -83.85570000 -68.57210000 -357.78330000 -74.79329000 -68.57210000 -345.37460000 30.00000000
//-coll_wall_501
COOBB Y -57.09632000 -68.43781000 -426.07320000 -59.82280000 -68.43781000 -420.78910000 -59.21999000 -68.43781000 -427.16890000 30.00000000
//-coll_rocks_537
COOBB Y -99.84215000 -69.76905000 -451.22590000 -93.71206000 -69.76905000 -456.74550000 -96.29874000 -69.76905000 -447.29060000 36.19890000
//-coll_rocks_515
COOBB Y 14.30045000 -69.82395000 -455.16930000 17.25657000 -69.82395000 -447.46840000 9.35664700 -69.82395000 -453.27160000 36.19890000
//-coll_wall_106
COOBB Y 78.04906000 -64.66879000 -290.46740000 75.76811000 -64.66879000 -290.43660000 77.84407000 -64.66879000 -305.66140000 30.00000000
//-coll_wall_294
COOBB Y -107.85120000 -68.57210000 -440.24300000 -109.44280000 -68.57210000 -441.87720000 -96.96526000 -68.57210000 -450.84470000 30.00000000
//-coll_rocks_494
COOBB Y 85.94344000 -53.11305000 -413.00520000 86.31371000 -53.11305000 -416.45920000 91.13410000 -53.11305000 -412.44880000 15.11890000
//-coll_wall_236
COOBB Y 65.62321000 -64.66879000 -330.18020000 63.85396000 -64.66879000 -328.74030000 56.03142000 -64.66879000 -341.96570000 30.00000000
//-coll_wall_235
COOBB Y 70.88007000 -64.66879000 -322.97940000 69.06598000 -64.66879000 -321.59640000 61.66742000 -64.66879000 -335.06350000 30.00000000
//-coll_wall_288
COOBB Y -125.06870000 -68.43781000 -431.33260000 -131.01410000 -68.43781000 -431.41390000 -125.03600000 -68.43781000 -433.72200000 30.00000000
//-coll_rocks_574
COOBB Y 47.21787000 -68.84725000 -345.17450000 46.49894000 -68.84725000 -353.39190000 52.49325000 -68.84725000 -345.63600000 36.19890000
//-coll_rocks_564
COOBB Y 3.04995000 -63.42954000 -312.83150000 2.76207000 -63.42954000 -304.58770000 -2.24235600 -63.42954000 -313.01630000 36.19890000
//-coll_rocks_505
COOBB Y 72.56645000 -67.37485000 -433.01850000 70.38596000 -67.37485000 -435.72260000 76.63028000 -67.37485000 -436.29530000 15.11890000
//-coll_rocks_579
COOBB Y 82.14570000 -74.63744000 -290.24170000 73.89812000 -74.63744000 -290.38560000 82.23811000 -74.63744000 -295.53640000 36.19890000
//-coll_wall_271
COOBB Y -137.89220000 -68.57210000 -413.37730000 -136.27020000 -68.57210000 -414.98130000 -127.20780000 -68.57210000 -402.57260000 30.00000000
//-coll_wall_258
COOBB Y -21.63558000 -68.43781000 -333.04690000 -25.95107000 -68.43781000 -328.95650000 -23.27952000 -68.43781000 -334.78140000 30.00000000
//-coll_rocks_512
COOBB Y 14.92745000 -53.11305000 -443.31040000 12.31051000 -53.11305000 -445.59480000 18.36051000 -53.11305000 -447.24320000 15.11890000
//-coll_rocks_492
COOBB Y 86.17043000 -67.37485000 -420.22320000 86.54070000 -67.37485000 -423.67720000 91.36109000 -67.37485000 -419.66680000 15.11890000
//-coll_wall_373
COOBB Y 55.36557000 -68.43781000 -393.61220000 49.61810000 -68.43781000 -395.13580000 55.97791000 -68.43781000 -395.92210000 30.00000000
//-coll_wall_250
COOBB Y -71.44588000 -68.57210000 -342.96450000 -73.06478000 -68.57210000 -344.57160000 -60.74040000 -68.57210000 -353.74840000 30.00000000
//-coll_wall_483
COOBB Y -85.45383000 -68.43781000 -400.88060000 -86.63835000 -68.43781000 -406.70740000 -83.11201000 -68.43781000 -401.35660000 30.00000000
//-coll_rocks_510
COOBB Y 14.92745000 -48.63605000 -443.31040000 12.31051000 -48.63605000 -445.59480000 18.36051000 -48.63605000 -447.24320000 15.11890000
//-coll_wall_320
COAABB Y 12.900 -68.572 -493.996 15.229 -38.572 -478.794
//-coll_wall_327
COOBB Y -2.63958400 -68.43781000 -526.53560000 -8.58448800 -68.43781000 -526.64920000 -2.59391800 -68.43781000 -528.92480000 30.00000000
//-coll_wall_259
COOBB Y -23.53091000 -68.43781000 -322.12150000 -27.58501000 -68.43781000 -326.47110000 -21.78279000 -68.43781000 -323.75080000 30.00000000
//-coll_wall_455
COOBB Y 2.63243200 -68.43781000 -398.59390000 8.18897000 -68.43781000 -396.47730000 1.78179500 -68.43781000 -396.36070000 30.00000000
//-coll_wall_108
COOBB Y 59.45435000 -64.31000000 -279.87050000 59.71978000 -64.31000000 -282.13620000 75.90022000 -64.31000000 -277.94380000 30.00000000
//-coll_wall_460
COOBB Y 5.83836500 -68.43781000 -404.69750000 10.00423000 -68.43781000 -400.45480000 4.13322000 -68.43781000 -403.02320000 30.00000000
//-coll_wall_107
COOBB Y 77.42890000 -64.66879000 -275.47410000 75.14933000 -64.66879000 -275.55920000 77.99606000 -64.66879000 -290.65880000 30.00000000
//-coll_rocks_495
COOBB Y 85.94344000 -67.37485000 -413.00520000 86.31371000 -67.37485000 -416.45920000 91.13410000 -67.37485000 -412.44880000 15.11890000
//-coll_wall_391
COAABB Y 0.627 -68.438 -415.934 6.580 -38.438 -413.528
//-coll_wall_350
COAABB Y 38.374 -68.438 -444.060 44.327 -38.438 -441.654
//-coll_wall_244
COAABB Y -18.806 -68.572 -300.897 -3.605 -38.572 -298.579
//-coll_rocks_500
COOBB Y 76.15878000 -48.63605000 -432.87040000 72.68568000 -48.63605000 -432.93820000 76.26073000 -48.63605000 -438.08980000 15.11890000
//-coll_rocks_476
COOBB Y 67.06035000 -48.63605000 -400.78520000 70.43266000 -48.63605000 -401.61860000 68.31277000 -48.63605000 -395.71730000 15.11890000
//-coll_rocks_561
COOBB Y -12.65531000 -63.42954000 -308.19950000 -12.94319000 -63.42954000 -299.95570000 -17.94762000 -63.42954000 -308.38430000 36.19890000
//-coll_rocks_530
COOBB Y -76.75429000 -69.76905000 -460.29460000 -83.42774000 -69.76905000 -465.14320000 -73.64165000 -69.76905000 -464.57880000 36.19890000
//-coll_wall_523
COOBB Y -50.82459000 -68.43781000 -491.86250000 -48.09120000 -68.43781000 -486.58200000 -52.94683000 -68.43781000 -490.76390000 30.00000000
//-coll_wall_231
COOBB Y 17.34377000 -68.57210000 -324.57240000 17.28630000 -68.57210000 -326.85280000 32.53432000 -68.57210000 -324.95520000 30.00000000
//-coll_wall_273
COAABB Y -92.915 -68.572 -373.873 -90.558 -38.572 -358.667
//-coll_wall_263
COOBB Y -38.84398000 -68.43781000 -351.57670000 -43.03100000 -68.43781000 -355.79850000 -37.14722000 -68.43781000 -353.25950000 30.00000000
//-coll_rocks_517
COOBB Y 24.94878000 -62.67475000 -423.91050000 24.66090000 -62.67475000 -415.66670000 19.65648000 -62.67475000 -424.09530000 36.19890000
//-coll_wall_381
COOBB Y 38.67729000 -68.43781000 -374.84140000 38.17488000 -68.43781000 -368.91670000 36.29613000 -68.43781000 -375.04330000 30.00000000
//-coll_wall_369
COOBB Y 61.24921000 -68.43781000 -388.18820000 57.03355000 -68.43781000 -392.38140000 62.93447000 -68.43781000 -389.88250000 30.00000000
//-coll_rocks_542
COOBB Y -134.36760000 -69.76905000 -424.99740000 -128.04860000 -69.76905000 -419.69520000 -137.77150000 -69.76905000 -420.94080000 36.19890000
//-coll_wall_379
COOBB Y 35.26239000 -68.43781000 -377.84980000 39.47805000 -68.43781000 -373.65660000 33.57713000 -68.43781000 -376.15550000 30.00000000
//-coll_wall_492
COOBB Y -80.20255000 -68.43781000 -428.98630000 -74.63551000 -68.43781000 -431.07500000 -79.36309000 -68.43781000 -426.74890000 30.00000000
//-coll_wall_254
COAABB Y -28.414 -68.438 -348.305 -26.022 -38.438 -342.359
//-coll_wall_469
COOBB Y -8.11795000 -68.43781000 -355.61100000 -12.34698000 -68.43781000 -351.43130000 -9.79779200 -68.43781000 -357.31070000 30.00000000
//-coll_wall_243
COAABB Y -3.905 -68.438 -305.420 -1.513 -38.438 -299.474
//-coll_wall_303
COOBB Y -86.39390000 -68.43781000 -464.40310000 -80.45109000 -68.43781000 -464.59730000 -86.31588000 -68.43781000 -462.01470000 30.00000000
//-coll_wall_276
COAABB Y -95.384 -68.438 -381.306 -92.992 -38.438 -375.360
//-coll_wall_304
COOBB Y -71.08870000 -68.43781000 -475.12390000 -73.01667000 -68.43781000 -469.49920000 -73.34930000 -68.43781000 -475.89880000 30.00000000
//-coll_wall_394
COOBB Y 17.84162000 -68.43781000 -427.01220000 13.62595000 -68.43781000 -431.20540000 19.52688000 -68.43781000 -428.70650000 30.00000000
//-coll_wall_496
COAABB Y -70.554 -68.438 -432.677 -64.604 -38.438 -430.277
//-coll_wall_371
COOBB Y 60.25910000 -68.43781000 -389.44630000 56.04343000 -68.43781000 -393.63950000 61.94436000 -68.43781000 -391.14060000 30.00000000
//-coll_wall_365
COOBB Y 75.86317000 -68.43781000 -391.88780000 70.12392000 -68.43781000 -390.33350000 75.23851000 -68.43781000 -394.19440000 30.00000000
//-coll_wall_376
COOBB Y 39.25546000 -68.43781000 -384.44120000 35.06224000 -68.43781000 -380.22550000 37.56117000 -68.43781000 -386.12640000 30.00000000
//-coll_rocks_527
COOBB Y -54.09726000 -69.76905000 -424.94340000 -60.85432000 -69.76905000 -429.67470000 -51.05987000 -69.76905000 -429.28120000 36.19890000
//-coll_wall_102
COOBB Y 60.38825000 -64.66879000 -295.36170000 58.15314000 -64.66879000 -294.90570000 57.35046000 -64.66879000 -310.25030000 30.00000000
//-coll_wall_559
COAACYLINDER Y 91.446 -63.396 -420.500 4.705 18.379
//-coll_wall_348
COOBB Y 33.71484000 -68.43781000 -440.90320000 29.52163000 -68.43781000 -436.68750000 32.02055000 -68.43781000 -442.58850000 30.00000000
//-coll_rocks_509
COOBB Y 64.90865000 -69.82395000 -446.74830000 69.87292000 -69.82395000 -440.16050000 60.67945000 -69.82395000 -443.56140000 36.19890000
//-coll_prop_409
COOBB Y -1.58048100 -69.53799000 -515.85620000 21.19297000 -69.53799000 -511.87220000 -7.25003300 -69.53799000 -483.44780000 30.00000000
//-coll_wall_296
COOBB Y -99.75872000 -68.57210000 -453.76500000 -101.35030000 -68.57210000 -455.39930000 -88.87276000 -68.57210000 -464.36670000 30.00000000
//-coll_wall_257
COAABB Y -24.354 -68.438 -338.668 -21.962 -38.438 -332.722
//-coll_wall_344
COOBB Y 47.49617000 -68.43781000 -446.11390000 43.68633000 -68.43781000 -441.54890000 45.66145000 -68.43781000 -447.64510000 30.00000000
//-coll_wall_286
COOBB Y -138.79870000 -68.43781000 -422.93460000 -134.63880000 -68.43781000 -427.18320000 -137.09120000 -68.43781000 -421.26280000 30.00000000
//-coll_rocks_520
COOBB Y 15.14887000 -62.67475000 -389.87240000 9.11605300 -62.67475000 -384.24670000 11.53733000 -62.67475000 -393.74530000 36.19890000
//-coll_rocks_519
COOBB Y 18.73826000 -62.67475000 -389.33820000 12.06481000 -62.67475000 -384.48960000 15.62562000 -62.67475000 -393.62230000 36.19890000
//-coll_rocks_567
COOBB Y 17.20490000 -63.42954000 -329.17180000 18.91992000 -63.42954000 -321.10320000 12.02508000 -63.42954000 -328.07080000 36.19890000
//-coll_rocks_516
COOBB Y 16.37520000 -69.82395000 -461.12440000 14.80125000 -69.82395000 -453.02710000 11.17696000 -69.82395000 -462.13490000 36.19890000
//-coll_wall_260
COOBB Y -27.63967000 -68.43781000 -346.45210000 -31.93806000 -68.43781000 -350.56040000 -25.98851000 -68.43781000 -348.17960000 30.00000000
//-coll_wall_247
COAABB Y -24.400 -68.572 -324.192 -22.044 -38.572 -308.986
//-coll_wall_305
COAABB Y -69.237 -68.572 -492.580 -66.831 -38.572 -477.366
//-coll_wall_358
COOBB Y 96.02097000 -68.43781000 -416.87090000 92.21114000 -68.43781000 -412.30590000 94.18626000 -68.43781000 -418.40210000 30.00000000
//-coll_wall_265
COOBB Y -49.76922000 -68.43781000 -354.86960000 -55.71465000 -68.43781000 -354.95090000 -49.73652000 -68.43781000 -357.25900000 30.00000000
//-coll_wall_293
COOBB Y -113.35110000 -68.57210000 -433.31990000 -115.15350000 -68.57210000 -434.71830000 -104.03650000 -68.57210000 -445.32570000 30.00000000
//-coll_rocks_577
COOBB Y 73.85769000 -74.63744000 -319.78720000 66.26459000 -74.63744000 -323.01030000 75.92682000 -74.63744000 -324.66170000 36.19890000
//-coll_wall_310
COOBB Y -59.03930000 -68.43781000 -502.11680000 -64.55100000 -68.43781000 -499.88610000 -59.93582000 -68.43781000 -504.33190000 30.00000000
//-coll_wall_406
COOBB Y -2.08243100 -68.43781000 -424.87080000 2.13323200 -68.43781000 -420.67760000 -3.76769200 -68.43781000 -423.17650000 30.00000000
//-coll_wall_314
COOBB Y -47.59620000 -68.43781000 -518.13820000 -51.75491000 -68.43781000 -513.88850000 -49.30412000 -68.43781000 -519.80950000 30.00000000
//-coll_prop_376
COOBB Y -52.20759000 -69.53799000 -472.97770000 -68.91122000 -69.53799000 -488.96180000 -29.46098000 -69.53799000 -496.74820000 30.00000000
//-coll_wall_266
COOBB Y -53.05536000 -68.43781000 -356.71550000 -57.48449000 -68.43781000 -352.74840000 -54.64973000 -68.43781000 -358.49560000 30.00000000
//-coll_wall_352
COOBB Y 82.82195000 -68.43781000 -430.84120000 88.56120000 -68.43781000 -432.39540000 83.44662000 -68.43781000 -428.53450000 30.00000000
//-coll_rocks_480
COOBB Y 59.05709000 -69.82395000 -396.73140000 65.73054000 -69.82395000 -391.88280000 55.94445000 -69.82395000 -392.44720000 36.19890000
//-coll_rocks_550
COOBB Y -75.00473000 -63.42954000 -345.43720000 -73.85670000 -63.42954000 -353.60580000 -69.76073000 -63.42954000 -344.70020000 36.19890000
//-coll_wall_275
COOBB Y -138.10690000 -68.43781000 -439.13470000 -142.29390000 -68.43781000 -443.35650000 -136.41010000 -68.43781000 -440.81750000 30.00000000
//-coll_wall_509
COOBB Y -70.29327000 -68.43781000 -401.31030000 -66.30203000 -68.43781000 -405.71770000 -68.52194000 -68.43781000 -399.70620000 30.00000000
//-coll_wall_321
COAABB Y 14.293 -68.572 -479.325 16.622 -38.572 -464.123
//-coll_wall_299
COOBB Y -78.92484000 -68.43781000 -467.01230000 -74.74822000 -68.43781000 -471.24440000 -77.22395000 -68.43781000 -465.33360000 30.00000000
//-coll_wall_466
COOBB Y -15.37146000 -68.43781000 -360.05820000 -13.48915000 -68.43781000 -365.69830000 -13.10466000 -68.43781000 -359.30170000 30.00000000
//-coll_rocks_508
COOBB Y 68.26449000 -69.82395000 -444.96870000 76.01587000 -69.82395000 -442.14750000 66.45331000 -69.82395000 -439.99260000 36.19890000
//-coll_rocks_521
COOBB Y -5.11531800 -62.95284000 -360.43740000 -11.14814000 -62.95284000 -354.81170000 -8.72686200 -62.95284000 -364.31030000 36.19890000
//-coll_wall_480
COOBB Y -71.63429000 -68.43781000 -392.29080000 -77.57970000 -68.43781000 -392.20760000 -71.66774000 -68.43781000 -394.68030000 30.00000000
//coll_prop_453
COAACYLINDER N 43.630 -62.362 -437.509 1.300 10.000
//-coll_rocks_557
COOBB Y -20.67579000 -63.42954000 -339.74820000 -27.67120000 -63.42954000 -335.37700000 -23.48199000 -63.42954000 -344.23900000 36.19890000
//-coll_wall_335
COOBB Y -20.90366000 -68.43781000 -533.53550000 -24.31321000 -68.43781000 -528.66420000 -22.86141000 -68.43781000 -534.90580000 30.00000000
//-coll_wall_386
COOBB Y 48.63665000 -68.43781000 -353.80510000 54.48952000 -68.43781000 -354.85320000 49.05790000 -68.43781000 -351.45280000 30.00000000
//-coll_wall_287
COOBB Y -133.92300000 -68.43781000 -432.31180000 -128.42560000 -68.43781000 -434.57760000 -133.01230000 -68.43781000 -430.10240000 30.00000000
//-coll_wall_274
COOBB Y -133.36570000 -68.43781000 -440.23460000 -139.31110000 -68.43781000 -440.31590000 -133.33300000 -68.43781000 -442.62400000 30.00000000
//-coll_wall_465
COOBB Y -12.83293000 -68.43781000 -363.16880000 -17.04383000 -68.43781000 -367.36680000 -11.14574000 -68.43781000 -364.86120000 30.00000000
//-coll_wall_232
COOBB Y 77.72475000 -64.66879000 -305.96880000 75.55057000 -64.66879000 -305.27840000 73.12582000 -64.66879000 -320.45150000 30.00000000
//-coll_rocks_472
COOBB Y 65.66205000 -53.11305000 -397.72440000 67.13664000 -53.11305000 -400.86960000 70.38875000 -53.11305000 -395.50830000 15.11890000
//-coll_wall_261
COOBB Y -29.63286000 -68.43781000 -350.47770000 -33.81988000 -68.43781000 -354.69950000 -27.93610000 -68.43781000 -352.16050000 30.00000000
//-coll_rocks_473
COOBB Y 65.66205000 -48.63605000 -397.72440000 67.13664000 -48.63605000 -400.86960000 70.38875000 -48.63605000 -395.50830000 15.11890000
//-coll_wall_486
COOBB Y -88.62452000 -68.43781000 -418.38770000 -84.52309000 -68.43781000 -422.69270000 -86.89433000 -68.43781000 -416.73930000 30.00000000
//coll_prop_380
COAACYLINDER N 38.514 -59.874 -430.702 2.781 10.000
//-coll_rocks_563
COOBB Y -3.65851500 -63.42954000 -306.02550000 -3.94639500 -63.42954000 -297.78160000 -8.95082100 -63.42954000 -306.21030000 36.19890000
//-coll_rocks_526
COOBB Y -52.40510000 -69.76905000 -419.67920000 -59.40051000 -69.76905000 -415.30800000 -55.21130000 -69.76905000 -424.17000000 36.19890000
//-coll_wall_499
COOBB Y -57.23769000 -68.43781000 -426.01430000 -62.58441000 -68.43781000 -423.41280000 -58.28321000 -68.43781000 -428.16310000 30.00000000
//-coll_rocks_546
COOBB Y -98.43056000 -63.42954000 -386.00140000 -90.22691000 -63.42954000 -385.13920000 -98.98409000 -63.42954000 -380.73490000 36.19890000
//-coll_wall_315
COOBB Y -43.46207000 -68.43781000 -522.32820000 -47.62078000 -68.43781000 -518.07850000 -45.16999000 -68.43781000 -523.99950000 30.00000000
//-coll_wall_325
COOBB Y -16.96569000 -68.43781000 -531.00960000 -22.91060000 -68.43781000 -531.12320000 -16.92003000 -68.43781000 -533.39880000 30.00000000
//-coll_wall_474
COOBB Y -13.02300000 -68.43781000 -355.93040000 -17.73141000 -68.43781000 -352.29920000 -14.48239000 -68.43781000 -357.82280000 30.00000000
//-coll_wall_272
COAABB Y -131.531 -68.572 -404.892 -116.317 -38.572 -402.486
//-coll_wall_280
COAABB Y -97.646 -68.438 -387.717 -95.254 -38.438 -381.771
//-coll_wall_372
COOBB Y 51.60748000 -68.43781000 -395.52620000 46.46606000 -68.43781000 -392.53940000 50.40711000 -68.43781000 -397.59250000 30.00000000
//-coll_wall_319
COAABB Y 17.099 -68.572 -510.686 19.428 -38.572 -495.484
//-coll_wall_488
COOBB Y -84.57648000 -68.43781000 -421.23480000 -82.40470000 -68.43781000 -426.77000000 -82.35189000 -68.43781000 -420.36200000 30.00000000
//-coll_wall_366
COAABB Y 62.064 -68.438 -390.362 68.017 -38.438 -387.956
//-coll_wall_515
COOBB Y -61.00053000 -68.43781000 -493.20540000 -56.78029000 -68.43781000 -489.01680000 -62.68394000 -68.43781000 -491.50920000 30.00000000
//-coll_wall_463
COOBB Y 6.80721500 -68.43781000 -402.50810000 1.41638900 -68.43781000 -399.99930000 5.79894400 -68.43781000 -404.67470000 30.00000000
//-coll_wall_390
COAABB Y 10.136 -68.438 -411.027 16.088 -38.438 -408.621
//coll_prop_381
COAACYLINDER N 39.710 -59.874 -433.943 2.781 10.000
//-coll_rocks_558
COOBB Y -17.39142000 -63.42954000 -334.10460000 -25.14280000 -63.42954000 -331.28330000 -19.20260000 -63.42954000 -339.08070000 36.19890000
//-coll_wall_324
COOBB Y -24.21574000 -68.43781000 -528.71880000 -30.15801000 -68.43781000 -528.92910000 -24.13118000 -68.43781000 -531.10690000 30.00000000
//-coll_wall_318
COOBB Y -30.51146000 -68.43781000 -530.43680000 -36.45372000 -68.43781000 -530.64720000 -30.42689000 -68.43781000 -532.82490000 30.00000000
//-coll_wall_313
COOBB Y -51.72712000 -68.43781000 -513.91870000 -57.10726000 -68.43781000 -511.38710000 -52.74455000 -68.43781000 -516.08090000 30.00000000
//-coll_wall_520
COOBB Y -59.93801000 -68.43781000 -482.77610000 -57.69326000 -68.43781000 -488.28210000 -57.72514000 -68.43781000 -481.87390000 30.00000000
//-coll_rocks_487
COOBB Y 84.15893000 -48.63605000 -422.59520000 84.52920000 -48.63605000 -426.04920000 89.34959000 -48.63605000 -422.03880000 15.11890000
//-coll_wall_309
COOBB Y -55.05774000 -68.43781000 -506.42470000 -59.16002000 -68.43781000 -502.12050000 -56.78761000 -68.43781000 -508.07350000 30.00000000
//-coll_wall_403
COOBB Y 4.68434800 -68.43781000 -418.64020000 0.49113940 -68.43781000 -414.42450000 2.99006200 -68.43781000 -420.32550000 30.00000000
//-coll_wall_281
COOBB Y -107.00090000 -68.43781000 -396.60470000 -111.18790000 -68.43781000 -400.82650000 -105.30410000 -68.43781000 -398.28750000 30.00000000
//-coll_rocks_531
COOBB Y -74.64096000 -69.76905000 -459.41690000 -82.73825000 -69.76905000 -460.99080000 -73.63052000 -69.76905000 -464.61510000 36.19890000
//-coll_rocks_540
COOBB Y -128.89620000 -69.76905000 -431.40920000 -122.13920000 -69.76905000 -436.14050000 -125.85890000 -69.76905000 -427.07140000 36.19890000
//-coll_wall_240
COOBB Y 34.75139000 -68.43781000 -330.12810000 33.35465000 -68.43781000 -324.34850000 32.42855000 -68.43781000 -330.68950000 30.00000000
//-coll_rocks_477
COOBB Y 66.48288000 -67.37485000 -394.32100000 65.70849000 -67.37485000 -397.70730000 71.57191000 -67.37485000 -395.48470000 15.11890000
//-coll_wall_449
COOBB Y 12.97754000 -68.43781000 -402.13210000 17.22798000 -68.43781000 -397.97410000 11.30645000 -68.43781000 -400.42380000 30.00000000
//-coll_wall_507
COOBB Y -68.61384000 -68.43781000 -403.69840000 -66.98100000 -68.43781000 -409.41580000 -66.31600000 -68.43781000 -403.04220000 30.00000000
//-coll_wall_459
COOBB Y 7.14918300 -68.43781000 -402.16600000 13.09450000 -68.43781000 -402.25540000 7.18510100 -68.43781000 -399.77660000 30.00000000
//-coll_wall_338
COOBB Y 15.41149000 -68.43781000 -469.97580000 15.31291000 -68.43781000 -464.03060000 13.02211000 -68.43781000 -470.01540000 30.00000000
//-coll_rocks_551
COOBB Y -49.14270000 -63.42954000 -353.40550000 -49.75446000 -63.42954000 -361.63170000 -43.86176000 -63.42954000 -353.79830000 36.19890000
//-coll_rocks_499
COOBB Y 88.20046000 -69.82395000 -429.96130000 94.23328000 -69.82395000 -424.33560000 84.58892000 -69.82395000 -426.08840000 36.19890000
//-coll_wall_237
COOBB Y 50.06469000 -68.43781000 -344.71750000 55.52038000 -68.43781000 -342.35310000 49.11444000 -68.43781000 -342.52480000 30.00000000
//-coll_wall_246
COOBB Y -24.34008000 -68.57210000 -309.34520000 -22.70170000 -68.57210000 -310.93250000 -13.76693000 -68.57210000 -298.43150000 30.00000000
//-coll_wall_475
COOBB Y -17.66147000 -68.43781000 -365.42730000 -21.68510000 -68.43781000 -361.04950000 -19.42092000 -68.43781000 -367.04450000 30.00000000
//-coll_rocks_560
COOBB Y -12.81129000 -63.42954000 -308.30380000 -17.54263000 -63.42954000 -301.54680000 -17.14914000 -63.42954000 -311.34120000 36.19890000
//-coll_wall_331
COOBB Y -15.21658000 -68.43781000 -528.87580000 -19.52958000 -68.43781000 -532.96880000 -13.57162000 -68.43781000 -530.60920000 30.00000000
//-coll_rocks_578
COOBB Y 72.22610000 -74.63744000 -320.48020000 64.63300000 -74.63744000 -323.70320000 74.29523000 -74.63744000 -325.35470000 36.19890000
//-coll_wall_330
COOBB Y -8.11843300 -68.43781000 -526.35380000 -12.43143000 -68.43781000 -530.44680000 -6.47347700 -68.43781000 -528.08720000 30.00000000
//-coll_wall_491
COOBB Y -78.37338000 -68.43781000 -428.65800000 -74.14857000 -68.43781000 -432.84200000 -76.69183000 -68.43781000 -426.96000000 30.00000000
//-coll_wall_316
COOBB Y -39.38749000 -68.43781000 -526.51620000 -43.54620000 -68.43781000 -522.26650000 -41.09541000 -68.43781000 -528.18750000 30.00000000
//-coll_wall_512
COOBB Y -51.91974000 -68.43781000 -480.87660000 -57.77826000 -68.43781000 -481.89280000 -51.51135000 -68.43781000 -483.23120000 30.00000000
//-coll_wall_453
COOBB Y 10.62706000 -68.43781000 -388.10110000 12.37362000 -68.43781000 -393.78480000 12.91135000 -68.43781000 -387.39920000 30.00000000
//-coll_wall_353
COOBB Y 89.69598000 -68.43781000 -431.49580000 93.91164000 -68.43781000 -427.30260000 88.01072000 -68.43781000 -429.80150000 30.00000000
//-coll_wall_383
COOBB Y 39.52241000 -68.43781000 -364.19860000 41.57097000 -68.43781000 -358.61670000 37.27901000 -68.43781000 -363.37530000 30.00000000
//-coll_rocks_525
COOBB Y -52.79380000 -69.76905000 -419.13920000 -60.38690000 -69.76905000 -422.36220000 -50.72467000 -69.76905000 -424.01370000 36.19890000
//-coll_rocks_497
COOBB Y 91.34063000 -69.82395000 -424.62300000 94.82674000 -69.82395000 -417.14700000 86.54124000 -69.82395000 -422.38500000 36.19890000
//-coll_wall_487
COOBB Y -88.63899000 -68.43781000 -418.32430000 -82.86817000 -68.43781000 -419.75690000 -88.06322000 -68.43781000 -416.00500000 30.00000000
//-coll_rocks_506
COOBB Y 72.62852000 -69.82395000 -436.95510000 79.03908000 -69.82395000 -442.14630000 75.96111000 -69.82395000 -432.83970000 36.19890000
//-coll_wall_291
COAABB Y -128.537 -68.572 -435.843 -113.323 -38.572 -433.437
//-coll_rocks_552
COOBB Y -40.95587000 -63.42954000 -352.71010000 -47.66016000 -63.42954000 -357.51590000 -37.87067000 -63.42954000 -357.01410000 36.19890000
//-coll_wall_375
COOBB Y 43.29046000 -68.43781000 -388.47220000 39.09725000 -68.43781000 -384.25650000 41.59617000 -68.43781000 -390.15740000 30.00000000
//-coll_wall_404
COOBB Y 2.03248900 -68.43781000 -421.60490000 1.01561900 -68.43781000 -415.74650000 -0.32201540 -68.43781000 -422.01350000 30.00000000
//-coll_wall_268
COOBB Y -48.48209000 -68.43781000 -359.93480000 -53.28793000 -68.43781000 -356.43360000 -49.88926000 -68.43781000 -361.86630000 30.00000000
//-coll_wall_479
COOBB Y -67.78737000 -68.43781000 -396.38900000 -71.99218000 -68.43781000 -392.18500000 -69.47700000 -68.43781000 -398.07890000 30.00000000
//-coll_wall_255
COOBB Y -34.00408000 -68.57210000 -347.41620000 -32.36570000 -68.57210000 -349.00340000 -23.43093000 -68.57210000 -336.50250000 30.00000000
//-coll_rocks_479
COOBB Y 66.48288000 -48.63605000 -394.32100000 65.70849000 -48.63605000 -397.70730000 71.57191000 -48.63605000 -395.48470000 15.11890000
//-coll_wall_362
COOBB Y 85.97015000 -68.43781000 -398.89560000 80.38821000 -68.43781000 -396.84700000 85.14683000 -68.43781000 -401.13890000 30.00000000
//-coll_wall_252
COOBB Y -62.78993000 -68.57210000 -352.88200000 -62.85955000 -68.57210000 -355.16210000 -47.60163000 -68.57210000 -353.34580000 30.00000000
//-coll_wall_262
COOBB Y -34.10302000 -68.43781000 -352.67560000 -40.04845000 -68.43781000 -352.75700000 -34.07032000 -68.43781000 -355.06510000 30.00000000
//-coll_rocks_536
COOBB Y -96.13400000 -69.76905000 -458.61730000 -89.06337000 -69.76905000 -462.86580000 -93.40660000 -69.76905000 -454.07820000 36.19890000
//-coll_rocks_554
COOBB Y -27.88773000 -63.42954000 -352.18950000 -35.63910000 -63.42954000 -349.36830000 -29.69891000 -63.42954000 -357.16570000 36.19890000
//-coll_wall_560
COAABB Y 36.020 -63.396 -334.652 39.791 -44.003 -329.669
//-coll_rocks_545
COOBB Y -132.42280000 -69.76905000 -408.16980000 -125.42740000 -69.76905000 -412.54100000 -129.61660000 -69.76905000 -403.67900000 36.19890000
//-coll_rocks_523
COOBB Y -61.18043000 -69.76905000 -399.21830000 -69.30396000 -69.76905000 -400.65060000 -60.26087000 -69.76905000 -404.43330000 36.19890000
//-coll_rocks_501
COOBB Y 76.15878000 -53.11305000 -432.87040000 72.68568000 -53.11305000 -432.93820000 76.26073000 -53.11305000 -438.08980000 15.11890000
//-coll_wall_241
COOBB Y 8.27378400 -68.57210000 -314.36450000 6.67220200 -68.57210000 -315.98890000 19.09422000 -68.57210000 -325.03310000 30.00000000
//-coll_rocks_503
COOBB Y 72.56645000 -48.63605000 -433.01850000 70.38596000 -48.63605000 -435.72260000 76.63028000 -48.63605000 -436.29530000 15.11890000
//-coll_rocks_511
COOBB Y 14.92745000 -67.37485000 -443.31040000 12.31051000 -67.37485000 -445.59480000 18.36051000 -67.37485000 -447.24320000 15.11890000
//-coll_wall_518
COOBB Y -57.40831000 -68.43781000 -493.22210000 -55.16357000 -68.43781000 -498.72810000 -55.19544000 -68.43781000 -492.31990000 30.00000000
//-coll_wall_354
COAABB Y 92.172 -68.438 -425.911 94.578 -38.438 -419.959
//-coll_wall_297
COOBB Y -93.13058000 -68.43781000 -462.85060000 -87.22376000 -68.43781000 -462.16930000 -93.40441000 -68.43781000 -460.47670000 30.00000000
//-coll_rocks_518
COOBB Y 24.89098000 -62.67475000 -422.25550000 24.60310000 -62.67475000 -414.01170000 19.59868000 -62.67475000 -422.44030000 36.19890000
//-coll_wall_284
COAABB Y -137.681 -68.572 -423.232 -135.325 -38.572 -408.026
//-coll_wall_233
COOBB Y 74.74252000 -64.66879000 -315.17300000 72.67210000 -64.66879000 -314.21540000 68.36349000 -64.66879000 -328.96460000 30.00000000
//-coll_wall_457
COOBB Y 13.69340000 -68.43781000 -389.88900000 18.03083000 -68.43781000 -393.95610000 15.32799000 -68.43781000 -388.14580000 30.00000000
//-coll_wall_301
COOBB Y -82.23834000 -68.43781000 -463.80630000 -78.06173000 -68.43781000 -468.03840000 -80.53745000 -68.43781000 -462.12770000 30.00000000
//-coll_wall_527
COOBB Y -53.31558000 -68.43781000 -489.22040000 -47.97043000 -68.43781000 -486.61580000 -54.36240000 -68.43781000 -487.07220000 30.00000000
//-coll_wall_326
COOBB Y -9.62637000 -68.43781000 -528.90860000 -15.57127000 -68.43781000 -529.02220000 -9.58070400 -68.43781000 -531.29780000 30.00000000
//coll_prop_378
COAACYLINDER N 33.248 -59.874 -428.776 2.781 10.000
//-coll_wall_355
COAABB Y 92.172 -68.438 -420.130 94.578 -38.438 -414.178
//coll_prop_431
COAACYLINDER N 38.286 -62.362 -426.338 1.300 10.000
//-coll_wall_481
COOBB Y -77.62439000 -68.43781000 -392.13510000 -82.31226000 -68.43781000 -395.79280000 -76.15436000 -68.43781000 -394.01920000 30.00000000
//-coll_wall_279
COOBB Y -94.62029000 -68.43781000 -379.29170000 -98.80730000 -68.43781000 -383.51350000 -92.92353000 -68.43781000 -380.97450000 30.00000000
//-coll_rocks_547
COOBB Y -96.75896000 -63.42954000 -379.99910000 -90.34840000 -63.42954000 -385.19030000 -93.42638000 -63.42954000 -375.88370000 36.19890000
//-coll_wall_251
COAABB Y -79.733 -68.572 -348.126 -64.519 -38.572 -345.720
//-coll_wall_285
COAABB Y -135.397 -68.438 -431.203 -133.005 -38.438 -425.257
//-coll_rocks_569
COOBB Y 19.44463000 -63.42954000 -333.12300000 22.93074000 -63.42954000 -325.64700000 14.64525000 -63.42954000 -330.88500000 36.19890000
//-coll_prop_387
COOBB Y -84.26299000 -69.53799000 -463.42470000 -80.12703000 -69.53799000 -486.17110000 -51.89317000 -69.53799000 -457.53890000 30.00000000
//-coll_wall_510
COOBB Y -66.71651000 -68.43781000 -398.60750000 -69.25758000 -68.43781000 -403.98320000 -64.55602000 -68.43781000 -399.62880000 30.00000000
//-coll_rocks_541
COOBB Y -125.99170000 -69.76905000 -427.18300000 -122.50560000 -69.76905000 -434.65900000 -121.19240000 -69.76905000 -424.94500000 36.19890000
//-coll_wall_302
COOBB Y -89.25125000 -68.43781000 -461.43730000 -85.07464000 -68.43781000 -465.66930000 -87.55036000 -68.43781000 -459.75860000 30.00000000
//-coll_rocks_539
COOBB Y -122.23040000 -69.76905000 -439.55640000 -115.55700000 -69.76905000 -434.70780000 -125.34310000 -69.76905000 -435.27220000 36.19890000
//-coll_wall_503
COOBB Y -62.29857000 -68.43781000 -417.21760000 -58.54167000 -68.43781000 -421.82630000 -60.44630000 -68.43781000 -415.70760000 30.00000000
//-coll_wall_477
COOBB Y -64.55519000 -68.43781000 -399.66110000 -68.76000000 -68.43781000 -395.45700000 -66.24482000 -68.43781000 -401.35100000 30.00000000
//-coll_rocks_543
COOBB Y -130.93450000 -69.76905000 -422.11650000 -124.61550000 -69.76905000 -416.81420000 -134.33840000 -69.76905000 -418.05980000 36.19890000
//-coll_wall_317
COOBB Y -35.30909000 -68.43781000 -530.55020000 -39.46780000 -68.43781000 -526.30050000 -37.01701000 -68.43781000 -532.22150000 30.00000000
//-coll_rocks_576
COOBB Y 55.95429000 -74.63744000 -306.07160000 47.70671000 -74.63744000 -306.21560000 56.04671000 -74.63744000 -311.36630000 36.19890000
//-coll_wall_290
COOBB Y -126.77370000 -68.43781000 -432.99060000 -122.61380000 -68.43781000 -437.23920000 -125.06610000 -68.43781000 -431.31880000 30.00000000
//-coll_rocks_533
COOBB Y -79.78944000 -69.76905000 -455.96220000 -84.16066000 -69.76905000 -462.95760000 -75.29857000 -69.76905000 -458.76840000 36.19890000
//-coll_rocks_528
COOBB Y -59.15511000 -69.76905000 -428.76420000 -66.63110000 -69.76905000 -432.25030000 -56.91712000 -69.76905000 -433.56360000 36.19890000
//-coll_rocks_486
COOBB Y 86.59820000 -67.37485000 -420.20900000 84.10441000 -67.37485000 -422.62730000 90.23238000 -67.37485000 -423.95670000 15.11890000
//-coll_wall_332
COOBB Y -28.78497000 -68.43781000 -528.48880000 -33.09797000 -68.43781000 -532.58180000 -27.14001000 -68.43781000 -530.22220000 30.00000000
//-coll_wall_461
COOBB Y 0.39300040 -68.43781000 -398.24400000 5.17728200 -68.43781000 -401.77470000 1.81197500 -68.43781000 -396.32130000 30.00000000
//-coll_rocks_474
COOBB Y 67.06035000 -67.37485000 -400.78520000 70.43266000 -67.37485000 -401.61860000 68.31277000 -67.37485000 -395.71730000 15.11890000
//coll_prop_382
COAACYLINDER N 42.754 -59.874 -432.195 2.781 10.000
//-coll_rocks_535
COOBB Y -90.40846000 -69.76905000 -462.73200000 -82.23990000 -69.76905000 -463.88000000 -89.67148000 -69.76905000 -457.48790000 36.19890000
//-coll_wall_346
COOBB Y 39.63595000 -68.43781000 -442.25320000 35.44274000 -68.43781000 -438.03750000 37.94166000 -68.43781000 -443.93840000 30.00000000
//coll_prop_379
COAACYLINDER N 36.003 -59.874 -431.628 2.781 10.000
//coll_prop_377
COAACYLINDER N 36.003 -59.874 -430.705 2.781 10.000
//-coll_wall_368
COOBB Y 71.11855000 -68.43781000 -391.02720000 66.92535000 -68.43781000 -386.81150000 69.42426000 -68.43781000 -392.71240000 30.00000000
//-coll_rocks_548
COOBB Y -91.50336000 -63.42954000 -372.55340000 -92.36559000 -63.42954000 -380.75710000 -86.23683000 -63.42954000 -373.10690000 36.19890000
//-coll_wall_497
COOBB Y -62.60574000 -68.43781000 -432.28060000 -58.31252000 -68.43781000 -428.16680000 -64.25907000 -68.43781000 -430.55510000 30.00000000
//-coll_wall_253
COAABB Y -26.814 -68.438 -331.912 -24.423 -38.438 -325.966
//-coll_wall_521
COOBB Y -61.80872000 -68.43781000 -484.14820000 -58.20542000 -68.43781000 -488.87800000 -59.90780000 -68.43781000 -482.70000000 30.00000000
//-coll_wall_308
COOBB Y -58.72189000 -68.57210000 -516.74550000 -60.33125000 -68.57210000 -518.36210000 -47.95274000 -68.57210000 -527.46590000 30.00000000
//-coll_wall_343
COOBB Y 72.80948000 -68.57210000 -439.51710000 74.44394000 -68.57210000 -441.10840000 83.40945000 -68.57210000 -428.62950000 30.00000000
//-coll_prop_398
COOBB Y -42.44923000 -69.53799000 -499.65400000 -36.42639000 -69.53799000 -521.97500000 -10.68463000 -69.53799000 -491.08300000 30.00000000
//-coll_wall_525
COOBB Y -50.30555000 -68.43781000 -496.91650000 -47.97715000 -68.43781000 -491.44530000 -52.50441000 -68.43781000 -495.98070000 30.00000000
//-coll_rocks_534
COOBB Y -85.03780000 -69.76905000 -457.00660000 -83.46384000 -69.76905000 -465.10390000 -79.83956000 -69.76905000 -455.99610000 36.19890000
//-coll_rocks_491
COOBB Y 86.17043000 -53.11305000 -420.22320000 86.54070000 -53.11305000 -423.67720000 91.36109000 -53.11305000 -419.66680000 15.11890000
//-coll_wall_282
COOBB Y -109.46060000 -68.43781000 -400.03760000 -115.40610000 -68.43781000 -400.11900000 -109.42790000 -68.43781000 -402.42710000 30.00000000
//-coll_wall_517
COOBB Y -59.50803000 -68.43781000 -494.64930000 -55.30122000 -68.43781000 -498.85140000 -57.81920000 -68.43781000 -492.95860000 30.00000000
//-coll_wall_363
COOBB Y 84.00403000 -68.43781000 -398.16160000 78.42208000 -68.43781000 -396.11300000 83.18070000 -68.43781000 -400.40490000 30.00000000
//-coll_wall_516
COOBB Y -62.30891000 -68.43781000 -491.91530000 -58.10209000 -68.43781000 -496.11740000 -60.62008000 -68.43781000 -490.22450000 30.00000000
//-coll_rocks_570
COOBB Y 35.88557000 -63.42954000 -373.23040000 42.20455000 -63.42954000 -367.92810000 32.48167000 -63.42954000 -369.17380000 36.19890000
//-coll_wall_382
COOBB Y 38.05849000 -68.43781000 -369.71000000 39.61275000 -68.43781000 -363.97070000 35.75187000 -68.43781000 -369.08530000 30.00000000
//-coll_wall_387
COOBB Y 51.95197000 -68.43781000 -353.47810000 53.00011000 -68.43781000 -347.62520000 49.59968000 -68.43781000 -353.05680000 30.00000000
//-coll_wall_292
COOBB Y -116.86400000 -68.43781000 -444.34580000 -111.36670000 -68.43781000 -446.61160000 -115.95340000 -68.43781000 -442.13640000 30.00000000
//-coll_wall_269
COOBB Y -44.06737000 -68.43781000 -354.01840000 -49.60871000 -68.43781000 -356.17440000 -43.20086000 -68.43781000 -356.24550000 30.00000000
//-coll_wall_374
COOBB Y 47.10719000 -68.43781000 -393.14690000 43.29736000 -68.43781000 -388.58190000 45.27247000 -68.43781000 -394.67810000 30.00000000
//-coll_rocks_502
COOBB Y 76.15878000 -67.37485000 -432.87040000 72.68568000 -67.37485000 -432.93820000 76.26073000 -67.37485000 -438.08980000 15.11890000
//-coll_rocks_538
COOBB Y -105.68450000 -69.76905000 -450.06030000 -97.75516000 -69.76905000 -452.33400000 -104.22480000 -69.76905000 -444.96990000 36.19890000
//-coll_wall_385
COOBB Y 45.28112000 -68.43781000 -356.66900000 50.43842000 -68.43781000 -353.70980000 44.09179000 -68.43781000 -354.59630000 30.00000000
//-coll_rocks_565
COOBB Y 6.49860400 -63.42954000 -314.07640000 0.46578410 -63.42954000 -308.45070000 2.88706000 -63.42954000 -317.94930000 36.19890000
//-coll_wall_347
COOBB Y 38.23873000 -68.43781000 -441.09620000 34.04552000 -68.43781000 -436.88050000 36.54445000 -68.43781000 -442.78150000 30.00000000
//-coll_rocks_507
COOBB Y 70.08406000 -69.82395000 -441.04130000 78.32159000 -69.82395000 -441.47300000 70.36121000 -69.82395000 -435.75300000 36.19890000
//-coll_wall_399
COOBB Y 7.99941700 -68.43781000 -414.72980000 12.21508000 -68.43781000 -410.53660000 6.31415600 -68.43781000 -413.03550000 30.00000000
//-coll_wall_242
COOBB Y -2.28853300 -68.57210000 -303.78950000 -3.89011500 -68.57210000 -305.41390000 8.53190000 -68.57210000 -314.45800000 30.00000000
//-coll_rocks_484
COOBB Y 86.59820000 -48.63605000 -420.20900000 84.10441000 -48.63605000 -422.62730000 90.23238000 -48.63605000 -423.95670000 15.11890000
//-coll_rocks_493
COOBB Y 85.94344000 -48.63605000 -413.00520000 86.31371000 -48.63605000 -416.45920000 91.13410000 -48.63605000 -412.44880000 15.11890000
//-coll_rocks_524
COOBB Y -61.10178000 -69.76905000 -399.25520000 -68.09720000 -69.76905000 -394.88400000 -63.90799000 -69.76905000 -403.74600000 36.19890000
//-coll_wall_351
COAABB Y 72.755 -68.438 -445.485 75.160 -38.438 -439.533
//-coll_wall_336
COOBB Y 18.85865000 -68.43781000 -496.16600000 14.55280000 -68.43781000 -492.06540000 17.21063000 -68.43781000 -497.89650000 30.00000000
//-coll_wall_524
COOBB Y -48.02491000 -68.43781000 -491.61040000 -50.99557000 -68.43781000 -486.45960000 -50.09501000 -68.43781000 -492.80430000 30.00000000
//-coll_wall_105
COOBB Y 53.39080000 -64.53459000 -314.66130000 57.32664000 -64.53459000 -310.20440000 51.59956000 -64.53459000 -313.07950000 30.00000000
//-coll_wall_471
COOBB Y -17.74246000 -68.43781000 -354.77140000 -11.87705000 -68.43781000 -353.79580000 -18.13455000 -68.43781000 -352.41410000 30.00000000
//-coll_wall_413
COOBB Y 13.99789000 -68.43781000 -425.86630000 11.94932000 -68.43781000 -431.44830000 16.24129000 -68.43781000 -426.68970000 30.00000000
//-coll_wall_239
COOBB Y 38.49636000 -68.43781000 -332.42690000 33.86998000 -68.43781000 -328.69180000 36.99519000 -68.43781000 -334.28630000 30.00000000
//-coll_rocks_485
COOBB Y 86.59820000 -53.11305000 -420.20900000 84.10441000 -53.11305000 -422.62730000 90.23238000 -53.11305000 -423.95670000 15.11890000
//-coll_wall_328
COOBB Y 14.18083000 -68.57210000 -510.17360000 12.56089000 -68.57210000 -508.56750000 3.48226100 -68.57210000 -520.96450000 30.00000000
//-coll_rocks_549
COOBB Y -78.78702000 -63.42954000 -345.96820000 -77.63898000 -63.42954000 -354.13670000 -73.54302000 -63.42954000 -345.23120000 36.19890000
//-coll_wall_494
COOBB Y -80.70906000 -68.43781000 -428.43750000 -76.55019000 -68.43781000 -424.18800000 -82.41697000 -68.43781000 -426.76600000 30.00000000
//-coll_rocks_575
COOBB Y 47.16547000 -68.84725000 -339.41550000 46.44654000 -68.84725000 -347.63300000 52.44085000 -68.84725000 -339.87700000 36.19890000
//-coll_wall_451
COOBB Y 12.97719000 -68.43781000 -387.34650000 10.58436000 -68.43781000 -392.78980000 15.16485000 -68.43781000 -388.30820000 30.00000000
//-coll_wall_370
COOBB Y 57.36277000 -68.43781000 -392.93120000 51.61529000 -68.43781000 -394.45480000 57.97510000 -68.43781000 -395.24110000 30.00000000
//-coll_wall_401
COOBB Y 6.11044000 -68.43781000 -416.63880000 10.32610000 -68.43781000 -412.44560000 4.42517900 -68.43781000 -414.94450000 30.00000000
//-coll_wall_502
COOBB Y -60.81312000 -68.43781000 -424.71550000 -56.77079000 -68.43781000 -420.35500000 -62.56564000 -68.43781000 -423.09090000 30.00000000
//-coll_wall_384
COOBB Y 40.46300000 -68.43781000 -359.87100000 45.62030000 -68.43781000 -356.91170000 39.27368000 -68.43781000 -357.79820000 30.00000000
//-coll_wall_380
COOBB Y 35.60001000 -68.43781000 -382.11430000 36.13405000 -68.43781000 -376.19230000 33.21996000 -68.43781000 -381.89960000 30.00000000
//-coll_wall_337
COOBB Y 18.43583000 -68.43781000 -508.61450000 12.49092000 -68.43781000 -508.72810000 18.48149000 -68.43781000 -511.00380000 30.00000000
//-coll_wall_264
COOBB Y -41.35345000 -68.43781000 -355.03760000 -47.29888000 -68.43781000 -355.11900000 -41.32075000 -68.43781000 -357.42710000 30.00000000
//-coll_wall_462
COAABB Y -0.016 -68.438 -400.632 5.938 -38.438 -398.223
//-coll_rocks_573
COOBB Y 41.29633000 -64.13975000 -353.68380000 35.56620000 -64.13975000 -359.61760000 45.10561000 -64.13975000 -357.36240000 36.19890000
//-coll_rocks_532
COOBB Y -79.12971000 -69.76905000 -456.37410000 -83.50093000 -69.76905000 -463.36960000 -74.63884000 -69.76905000 -459.18040000 36.19890000
//-coll_wall_476
COOBB Y -14.14372000 -68.43781000 -366.86910000 -19.54079000 -68.43781000 -364.37380000 -15.14658000 -68.43781000 -369.03820000 30.00000000
//-coll_wall_412
COOBB Y 9.45690800 -68.43781000 -426.09030000 11.95540000 -68.43781000 -431.48590000 11.62541000 -68.43781000 -425.08620000 30.00000000
//-coll_wall_104
COOBB Y 54.70469000 -64.66879000 -313.25650000 52.94819000 -64.66879000 -311.80100000 45.00939000 -64.66879000 -324.95690000 30.00000000
//-coll_wall_100
COOBB Y 59.79780000 -64.66879000 -280.22800000 57.51823000 -64.66879000 -280.31310000 60.36495000 -64.66879000 -295.41280000 30.00000000
//-coll_rocks_562
COOBB Y -5.08112200 -63.42954000 -306.07450000 -5.36900300 -63.42954000 -297.83070000 -10.37343000 -63.42954000 -306.25930000 36.19890000
//-coll_wall_340
COOBB Y 19.90207000 -68.57210000 -449.12470000 17.77070000 -68.57210000 -448.31170000 14.48650000 -68.57210000 -463.32220000 30.00000000
//-coll_wall_409
COOBB Y 4.57632100 -68.43781000 -427.95400000 -0.80584610 -68.43781000 -425.42680000 3.56060600 -68.43781000 -430.11720000 30.00000000
//-coll_wall_270
COOBB Y -107.35120000 -68.57210000 -397.07830000 -105.72920000 -68.57210000 -398.68230000 -96.66679000 -68.57210000 -386.27360000 30.00000000
//-coll_wall_339
COOBB Y 15.33977000 -68.43781000 -466.90280000 15.24120000 -68.43781000 -460.95760000 12.95039000 -68.43781000 -466.94240000 30.00000000
//-coll_rocks_568
COOBB Y 16.24712000 -63.42954000 -331.24660000 21.43829000 -63.42954000 -324.83600000 12.13172000 -63.42954000 -327.91400000 36.19890000
//-coll_rocks_556
COOBB Y -23.49778000 -63.42954000 -344.14330000 -27.11384000 -63.42954000 -336.72930000 -28.25738000 -63.42954000 -346.46470000 36.19890000
//-coll_wall_493
COOBB Y -80.13637000 -68.43781000 -429.01550000 -75.97750000 -68.43781000 -424.76600000 -81.84428000 -68.43781000 -427.34400000 30.00000000
//-coll_wall_484
COOBB Y -86.60236000 -68.43781000 -406.73800000 -84.61329000 -68.43781000 -412.34140000 -84.35033000 -68.43781000 -405.93860000 30.00000000
//-coll_rocks_471
COOBB Y 65.66205000 -67.37485000 -397.72440000 67.13664000 -67.37485000 -400.86960000 70.38875000 -67.37485000 -395.50830000 15.11890000
//-coll_rocks_522
COOBB Y -63.11848000 -69.76905000 -399.01340000 -70.46825000 -69.76905000 -402.75830000 -60.71436000 -69.76905000 -403.73170000 36.19890000
//-coll_wall_505
COOBB Y -69.41237000 -68.43781000 -410.39580000 -65.11502000 -68.43781000 -414.50520000 -67.76077000 -68.43781000 -408.66870000 30.00000000
//-coll_wall_395
COOBB Y 21.11802000 -68.43781000 -423.69420000 16.90235000 -68.43781000 -427.88750000 22.80328000 -68.43781000 -425.38850000 30.00000000
//-coll_rocks_555
COOBB Y -23.64762000 -63.42954000 -343.53780000 -29.85607000 -63.42954000 -338.10650000 -27.13435000 -63.42954000 -347.52350000 36.19890000
//coll_prop_457
COAACYLINDER N 44.418 -62.362 -437.509 1.300 10.000
//-coll_wall_396
COAABB Y 20.417 -68.438 -425.369 22.822 -38.438 -419.417
//-coll_wall_359
COOBB Y 92.78192000 -68.43781000 -407.89770000 90.76321000 -68.43781000 -402.30490000 90.53416000 -68.43781000 -408.70900000 30.00000000
//-coll_wall_495
COAABB Y -74.017 -68.438 -432.677 -68.067 -38.438 -430.277
//coll_prop_442
COAACYLINDER N 42.725 -62.362 -437.509 1.300 10.000
//-coll_wall_393
COOBB Y 4.77383100 -68.43781000 -428.45510000 -0.60833630 -68.43781000 -425.92780000 3.75811600 -68.43781000 -430.61820000 30.00000000
//-coll_wall_473
COOBB Y -15.26412000 -68.43781000 -359.29660000 -16.71809000 -68.43781000 -353.53110000 -17.58129000 -68.43781000 -359.88090000 30.00000000
//-coll_wall_364
COOBB Y 79.40986000 -68.43781000 -396.93990000 75.60003000 -68.43781000 -392.37480000 77.57514000 -68.43781000 -398.47110000 30.00000000
//-coll_wall_392
COOBB Y 10.06860000 -68.43781000 -425.61070000 4.47578500 -68.43781000 -427.62940000 10.87993000 -68.43781000 -427.85850000 30.00000000
//-coll_wall_306
COAABB Y -69.389 -68.572 -503.521 -66.982 -38.572 -488.307
//-coll_wall_405
COOBB Y 0.74518190 -68.43781000 -422.32500000 1.79332500 -68.43781000 -416.47220000 -1.60710600 -68.43781000 -421.90380000 30.00000000
//-coll_rocks_571
COOBB Y 36.09165000 -63.42954000 -378.21490000 37.66561000 -63.42954000 -370.11760000 30.89341000 -63.42954000 -377.20440000 36.19890000
//-coll_rocks_544
COOBB Y -132.66640000 -69.76905000 -418.42710000 -124.56910000 -69.76905000 -416.85310000 -133.67680000 -69.76905000 -413.22880000 36.19890000
//-coll_wall_402
COOBB Y 4.80473900 -68.43781000 -418.36920000 0.61153130 -68.43781000 -414.15350000 3.11045300 -68.43781000 -420.05450000 30.00000000
//-coll_wall_528
COOBB Y -54.21207000 -68.43781000 -487.16440000 -48.86691000 -68.43781000 -484.55980000 -55.25888000 -68.43781000 -485.01620000 30.00000000
//-coll_wall_410
COOBB Y 1.64580500 -68.43781000 -424.91720000 3.66453500 -68.43781000 -430.51000000 3.89357000 -68.43781000 -424.10590000 30.00000000
//-coll_wall_472
COOBB Y -20.55069000 -68.43781000 -363.11180000 -16.42460000 -68.43781000 -358.83040000 -22.27138000 -68.43781000 -361.45350000 30.00000000
