COCOUNT 281
//coll_tree_009
COAACYLINDER N -211.665 -6.816 249.202 0.668 4.877
//-collider58
COOBB Y -263.79870000 -13.00586000 261.24550000 -264.19870000 -13.00586000 261.54550000 -266.00330000 -13.00586000 258.30550000 10.04364000
//collider174
COOBB N -239.63790000 -16.36898000 390.42590000 -239.99800000 -16.36898000 390.77280000 -244.69890000 -16.36898000 385.17190000 13.29553000
//-collider109
COOBB Y -255.62610000 -14.85087000 200.90940000 -255.44260000 -14.85087000 201.37450000 -267.45860000 -14.85087000 205.57770000 11.50028000
//coll_tree_009
COAACYLINDER N -305.212 4.893 339.070 0.605 4.420
//-collider60
COOBB Y -266.46630000 -13.02768000 256.52330000 -266.87950000 -13.02768000 256.24170000 -264.30350000 -13.02768000 253.35020000 10.01091000
//-collider103
COOBB Y -238.99780000 -13.22428000 179.56350000 -238.52050000 -13.22428000 179.71240000 -239.89230000 -13.22428000 182.43240000 10.09398000
//-collider77
COOBB Y -217.83160000 -6.88173100 243.18320000 -217.39530000 -6.88173100 242.93890000 -213.19490000 -6.88173100 251.46480000 10.00000000
//coll_tree_009
COAACYLINDER N -248.094 -10.484 241.712 0.541 3.954
//coll_tree_009
COAACYLINDER N -200.851 -4.375 243.263 0.720 5.261
//collider157
COOBB N -296.32050000 1.35064100 352.35090000 -296.66640000 1.35064100 351.98980000 -287.80940000 1.35064500 344.19470000 13.80126000
//-collider105
COOBB Y -243.37090000 -12.94235000 184.90780000 -242.90080000 -12.94235000 185.07810000 -244.33750000 -12.94235000 187.57590000 10.37592000
//-collider61
COOBB Y -264.97480000 -13.04950000 253.49690000 -264.71670000 -13.04950000 253.06860000 -256.71120000 -13.04950000 258.47710000 10.02182000
//coll_tree_009
COAACYLINDER N -263.374 -14.237 217.979 1.135 8.294
//coll_tree_009
COAACYLINDER N -238.032 3.992 261.915 0.622 4.541
//collider0
COOBB N -218.64390000 -16.66969000 399.74430000 -218.47370000 -16.66969000 400.21450000 -220.12680000 -16.66969000 400.28110000 10.00000000
//collider96
COOBB N -233.46680000 -17.21129000 164.82830000 -232.96690000 -17.21129000 164.81650000 -233.34170000 -17.21130000 170.12710000 12.06818000
//-collider111
COOBB Y -281.38290000 -15.83993000 201.25460000 -281.63340000 -15.83993000 201.68730000 -288.61710000 -15.83992000 197.06710000 10.82978000
//-collider104
COOBB Y -239.70620000 -13.13030000 182.17470000 -239.41500000 -13.13030000 182.58120000 -243.19190000 -13.13030000 184.67160000 10.18796000
//coll_tree_009
COAACYLINDER N -240.628 5.584 250.701 0.829 6.053
//Cube
COOBB N -277.81880000 -15.90047000 211.21580000 -270.69170000 -15.90047000 213.49290000 -278.58190000 -15.90047000 213.60410000 5.78061300
//collider93
COOBB N -215.75350000 -17.21130000 171.45340000 -216.15640000 -17.21130000 171.74960000 -219.36140000 -17.21130000 166.54500000 10.00000000
//-collider54
COOBB Y -269.73390000 -12.70037000 272.85270000 -270.23120000 -12.70037000 272.90500000 -270.13010000 -12.70037000 269.08960000 10.34913000
//collider114
COOBB N -294.37770000 -16.66969000 211.54260000 -293.91370000 -16.66969000 211.72880000 -302.10660000 -16.66969000 230.79810000 10.00000000
//-collider100
COOBB Y -235.94530000 -14.29153000 174.24820000 -235.58580000 -14.29153000 174.59560000 -238.17050000 -14.29152000 176.55060000 10.48663000
//coll_tree_009
COAACYLINDER N -317.295 0.595 301.478 0.493 2.414
//coll_tree_009
COAACYLINDER N -310.598 -0.600 306.685 0.400 2.921
//-collider79
COOBB Y -209.56600000 -6.88173100 251.12580000 -209.93410000 -6.88173100 250.78740000 -202.40140000 -6.88173100 243.33280000 10.00000000
//coll_tree_009
COAACYLINDER N -252.207 -11.543 247.435 0.344 2.514
//coll_tree_009
COAACYLINDER N -290.694 -11.191 274.206 1.139 8.321
//collider181
COOBB N -238.89190000 -16.75681000 402.13200000 -238.52840000 -16.75681000 402.47530000 -243.88270000 -16.75681000 407.41460000 10.04356000
//-collider88
COOBB Y -234.25630000 -16.08147000 190.63960000 -234.60850000 -16.08147000 190.28470000 -231.71810000 -16.08147000 188.12160000 11.12983000
//coll_tree_009
COAACYLINDER N -258.072 -11.126 255.163 0.344 2.514
//collider165
COOBB N -273.54200000 -3.18224500 351.78270000 -273.76160000 -3.18224500 351.33350000 -267.62920000 -3.18224500 348.89290000 10.00000000
//-collider41
COOBB Y -287.97690000 -8.43311800 295.85780000 -287.59340000 -8.43311800 295.53700000 -280.97550000 -8.43311500 304.22430000 11.94547000
//collider173
COOBB N -236.73980000 -13.07345000 387.63960000 -236.43520000 -13.07345000 388.03610000 -240.30260000 -13.07345000 390.37630000 11.59398000
//-collider149
COOBB Y -306.95410000 5.15190300 346.71520000 -306.82450000 5.15190300 346.23230000 -303.23750000 5.15190300 347.71300000 10.00000000
//coll_tree_009
COAACYLINDER N -291.957 -2.637 310.239 0.603 4.407
//collider31
COOBB N -286.12810000 -3.46099200 321.41020000 -285.80130000 -3.46099200 321.78860000 -291.33730000 -3.46098900 325.91060000 11.08119000
//collider23
COOBB N -259.37600000 -5.71927000 338.19600000 -259.41140000 -5.71927000 338.69480000 -271.23020000 -5.71927000 337.35350000 12.52761000
//coll_tree_009
COAACYLINDER N -228.087 -5.954 284.095 0.756 5.519
//-collider123
COOBB Y -305.85860000 -6.71685900 277.87230000 -305.90290000 -6.71685900 278.37040000 -311.29370000 -6.71685600 277.38960000 12.98494000
//collider186
COOBB N -223.73990000 -16.66969000 401.67400000 -223.33640000 -16.66969000 401.37880000 -213.23000000 -16.66969000 416.03580000 10.00000000
//coll_tree_009
COAACYLINDER N -247.972 0.434 294.361 0.725 5.295
//collider131
COOBB N -331.19420000 1.99454700 268.43430000 -330.74930000 1.99454700 268.20600000 -329.87900000 1.99454700 270.99700000 10.00000000
//-collider64
COOBB Y -249.01110000 -11.08200000 244.45560000 -249.32580000 -11.08200000 244.06710000 -244.80610000 -11.08200000 241.04930000 11.96751000
//collider143
COOBB N -314.46710000 -0.62317090 317.04940000 -313.99010000 -0.62317090 316.89950000 -310.51450000 -0.62317470 329.61880000 11.97382000
//coll_tree_009
COAACYLINDER N -241.927 -1.514 299.264 0.756 5.519
//coll_tree_009
COAACYLINDER N -223.770 8.023 331.595 0.714 5.219
//-collider49
COOBB Y -270.68340000 -10.65008000 281.99270000 -271.04010000 -10.65008000 282.34310000 -271.76560000 -10.65008000 280.89090000 10.33431000
//-collider102
COOBB Y -241.16830000 -13.31826000 177.41870000 -240.79030000 -13.31826000 177.09130000 -238.89840000 -13.31827000 180.03970000 10.09399000
//coll_tree_009
COAACYLINDER N -247.883 -4.134 304.814 0.752 5.494
//collider
COAACYLINDER N -322.640 2.920 274.900 0.450 2.680
//collider134
COOBB N -324.75550000 1.50360300 281.12910000 -324.71010000 1.50360300 280.63120000 -320.56780000 1.50359900 281.51060000 10.49095000
//coll_tree_009
COAACYLINDER N -289.832 -11.191 275.256 1.139 8.321
//coll_tree_009
COAACYLINDER N -235.991 -5.497 364.768 0.679 4.956
//collider22
COOBB N -257.51990000 -5.71927000 334.67190000 -257.09420000 -5.71927000 334.93420000 -259.83710000 -5.71927000 338.43250000 10.00000000
//-collider73
COOBB Y -232.90510000 -9.92969700 238.12660000 -232.59120000 -9.92969700 238.51580000 -234.98300000 -9.92969700 239.80200000 11.85442000
//collider32
COOBB N -290.60740000 -4.00158500 326.58470000 -291.01050000 -4.00158500 326.28890000 -286.12300000 -4.00158100 320.47480000 10.54060000
//coll_tree_009
COAACYLINDER N -207.765 -6.286 246.251 0.743 5.425
//coll_tree_009
COAACYLINDER N -232.024 -8.327 243.787 0.950 6.937
//collider137
COOBB N -318.75520000 -1.25551800 287.31920000 -318.45560000 -1.25551800 287.71950000 -322.79500000 -1.25551800 290.34310000 11.13409000
//coll_tree_009
COAACYLINDER N -252.654 -11.374 251.562 0.541 3.954
//coll_tree_009
COAACYLINDER N -262.914 -5.845 285.663 0.532 3.884
//collider29
COOBB N -277.88130000 -0.21742820 333.00250000 -278.27020000 -0.21742820 333.31670000 -284.19580000 -0.21742820 325.18350000 10.00000000
//-collider34
COOBB Y -290.17250000 -5.51490900 311.87530000 -290.66530000 -5.51490900 311.95960000 -291.95460000 -5.51490900 301.44900000 10.97273000
//coll_tree_009
COAACYLINDER N -181.037 17.185 329.634 0.818 5.975
//collider158
COOBB N -288.43980000 1.35064500 344.24480000 -288.15530000 1.35064500 343.83370000 -286.82080000 1.35064500 345.36520000 10.00000000
//coll_tree_009
COAACYLINDER N -238.783 -9.826 229.504 0.839 6.127
//coll_tree_009
COAACYLINDER N -204.966 -5.903 236.504 0.492 3.591
//-collider69
COOBB Y -230.58510000 -9.92969700 227.26730000 -230.20010000 -9.92969700 226.94830000 -227.36090000 -9.92969700 231.15820000 10.00000000
//collider172
COOBB N -239.80880000 -11.47947000 384.07400000 -239.39880000 -11.47947000 383.78790000 -236.84530000 -11.47947000 388.32220000 10.86504000
//-collider18
COOBB Y -243.16010000 -5.71927000 350.05740000 -243.64500000 -5.71927000 350.17940000 -245.74780000 -5.71927000 339.77420000 10.00000000
//coll_tree_009
COAACYLINDER N -231.975 -6.711 368.519 1.027 7.502
//collider37
COOBB N -303.57590000 -6.36605200 288.26280000 -303.89640000 -6.36605200 287.87910000 -302.17650000 -6.36605200 287.09380000 10.12159000
//coll_tree_009
COAACYLINDER N -239.778 -2.247 277.510 0.832 6.079
//coll_tree_009
COAACYLINDER N -186.875 11.702 353.659 0.896 6.548
//coll_tree_009
COAACYLINDER N -229.742 -0.838 307.702 0.725 5.295
//collider129
COOBB N -328.92040000 1.99454700 262.65760000 -328.59070000 1.99454700 263.03350000 -331.33120000 1.99454700 264.77220000 10.00000000
//-collider80
COOBB Y -202.30440000 -6.88173100 242.81090000 -202.76950000 -6.88173100 242.99440000 -205.55050000 -6.88173100 234.58650000 10.00000000
//collider162
COOBB N -293.57440000 1.35064500 350.53600000 -293.16660000 1.35064500 350.24670000 -291.16220000 1.35064500 353.93620000 10.00000000
//collider20
COOBB N -249.81130000 -5.71927000 337.05270000 -250.07770000 -5.71927000 337.47590000 -253.65630000 -5.71927000 334.63240000 10.00000000
//-collider51
COOBB Y -270.68940000 -11.65298000 279.48030000 -270.80110000 -11.65298000 278.99290000 -265.63880000 -11.65299000 278.32320000 10.66861000
//coll_tree_009
COAACYLINDER N -311.295 0.715 312.128 0.485 4.660
//-collider110
COOBB Y -267.12990000 -15.01014000 205.56430000 -267.27510000 -15.01014000 206.04280000 -281.48820000 -15.01015000 201.20890000 11.65955000
//collider116
COOBB N -311.27720000 -16.66969000 243.50490000 -310.91250000 -16.66969000 243.84700000 -323.09280000 -16.66969000 256.10120000 10.66833000
//-collider121
COOBB Y -308.35200000 -10.66360000 270.18330000 -307.99140000 -10.66360000 269.83700000 -302.68220000 -10.66360000 276.08560000 10.62405000
//collider5
COOBB N -213.63240000 -16.66969000 403.71920000 -213.92460000 -16.66969000 403.31350000 -205.43830000 -16.66969000 397.81660000 10.00000000
//coll_tree_009
COAACYLINDER N -262.939 -14.237 216.246 1.135 8.294
//coll_tree_009
COAACYLINDER N -322.516 -3.726 297.609 0.554 4.044
//Cube
COOBB N -239.03000000 -11.44310000 205.31820000 -237.25300000 -11.44310000 205.83000000 -239.32060000 -11.44310000 206.32700000 3.60586400
//coll_tree_009
COAACYLINDER N -258.868 -5.842 301.647 0.526 3.840
//coll_tree_009
COAACYLINDER N -251.934 -11.393 241.910 0.605 4.420
//coll_tree_009
COAACYLINDER N -287.742 -5.179 295.662 0.672 4.910
//collider176
COOBB N -250.08950000 -16.79437000 386.02730000 -249.62740000 -16.79437000 386.21830000 -254.12190000 -16.79437000 395.78060000 10.21270000
//-collider53
COOBB Y -265.80750000 -12.35124000 273.45740000 -265.92470000 -12.35124000 273.94350000 -270.11400000 -12.35124000 272.41890000 10.69826000
//coll_tree_009
COAACYLINDER N -179.195 10.146 339.998 0.752 5.494
//collider27
COOBB N -280.94770000 -2.44810700 337.13200000 -280.91830000 -2.44810700 337.63110000 -282.67620000 -2.44810300 337.23370000 10.74356000
//collider135
COOBB N -320.83310000 1.01264800 281.40440000 -320.52250000 1.01264800 281.01260000 -317.86620000 1.01265100 283.75700000 10.49095000
//coll_tree_009
COAACYLINDER N -280.821 -14.251 240.195 1.139 8.321
//-collider8
COOBB Y -207.37480000 -17.80770000 388.51830000 -207.65700000 -17.80770000 388.93100000 -212.08680000 -17.80770000 385.29640000 10.56901000
//collider132
COOBB N -329.93250000 1.99454700 270.72810000 -329.43420000 1.99454700 270.76870000 -330.27550000 1.99454700 274.94620000 10.00000000
//collider187
COOBB N -212.64390000 -16.66969000 416.20600000 -212.82650000 -16.66969000 415.74050000 -209.10040000 -16.66969000 414.81560000 10.00000000
//collider182
COOBB N -243.97320000 -16.71325000 407.96780000 -243.51930000 -16.71325000 407.75800000 -240.51930000 -16.71325000 415.43970000 10.02178000
//coll_tree_009
COAACYLINDER N -208.530 -0.135 258.441 0.605 4.420
//collider167
COOBB N -264.73550000 -5.71759900 352.20380000 -264.25170000 -5.71759900 352.07750000 -261.28770000 -5.71759900 365.40610000 12.53535000
//collider168
COOBB N -260.94690000 -6.62705400 365.75890000 -260.80400000 -6.62705400 365.27970000 -257.56520000 -6.62705400 366.76780000 10.90945000
//coll_tree_009
COAACYLINDER N -326.147 0.915 295.958 1.001 4.796
//collider163
COOBB N -290.62960000 1.35064500 354.13100000 -290.75440000 1.35064500 353.64690000 -282.65730000 1.35064500 352.07640000 10.00000000
//Cube
COOBB N -236.45170000 -11.85640000 206.89080000 -233.16800000 -11.85640000 206.42210000 -236.18560000 -11.85640000 208.75490000 4.67247000
//coll_tree_009
COAACYLINDER N -212.241 -0.555 269.454 0.832 6.079
//-collider91
COOBB Y -225.74050000 -17.21130000 184.93130000 -226.13910000 -17.21130000 184.62950000 -218.56910000 -17.21130000 175.45810000 10.00000000
//-collider33
COOBB Y -286.07960000 -4.54217700 319.95410000 -286.52610000 -4.54217700 320.17900000 -290.21880000 -4.54217700 311.73470000 10.54060000
//-collider47
COOBB Y -257.14550000 -10.31577000 295.34390000 -257.61850000 -10.31577000 295.50610000 -260.87950000 -10.31577000 284.45390000 10.00000000
//coll_tree_009
COAACYLINDER N -307.411 2.049 324.329 0.893 6.521
//-collider50
COOBB Y -271.69130000 -10.98438000 281.49450000 -272.12230000 -10.98438000 281.24120000 -270.37000000 -10.98438000 279.24630000 10.33430000
//collider3
COOBB N -220.00950000 -16.66969000 398.36780000 -219.60750000 -16.66969000 398.07050000 -216.68080000 -16.66969000 402.86880000 10.00000000
//collider39
COOBB N -297.00660000 -6.42685500 291.81370000 -296.62810000 -6.42685500 291.48690000 -292.25580000 -6.42685100 297.31570000 10.03040000
//-collider13
COOBB Y -227.24940000 -8.04532000 370.71650000 -227.59860000 -8.04532000 371.07420000 -234.98100000 -8.04532100 363.16830000 10.00000000
//coll_tree_009
COAACYLINDER N -213.694 15.296 356.860 0.425 3.106
//collider144
COOBB N -310.53030000 1.35064500 329.55380000 -310.03750000 1.35064500 329.46880000 -308.62310000 1.35064500 340.61670000 10.00000000
//collider6
COOBB N -205.32030000 -16.66969000 397.69670000 -205.73060000 -16.66969000 397.41090000 -199.08580000 -16.66969000 388.74580000 10.00000000
//collider83
COOBB N -212.16090000 -9.27179800 221.92970000 -212.45550000 -9.27179800 222.33370000 -221.92400000 -9.27179900 214.81080000 10.59752000
//-collider15
COOBB Y -240.44820000 -8.04532000 363.36940000 -240.75390000 -8.04532000 363.76510000 -243.66070000 -8.04532100 360.88700000 11.16303000
//-collider75
COOBB Y -234.29080000 -6.88173100 247.47900000 -234.16880000 -6.88173100 246.99410000 -221.76360000 -6.88173100 250.63130000 10.66088000
//-collider63
COOBB Y -254.14190000 -12.06576000 251.65620000 -254.54850000 -12.06576000 251.36520000 -248.91920000 -12.06575000 244.35810000 10.98376000
//collider81
COOBB N -205.62830000 -8.07676800 234.45380000 -206.01550000 -8.07676800 234.77000000 -211.25870000 -8.07676500 227.55910000 11.19504000
//-collider76
COOBB Y -221.21080000 -6.88173100 250.40020000 -221.64160000 -6.88173100 250.14640000 -216.96460000 -6.88173100 243.19270000 10.00000000
//-collider85
COOBB Y -229.31720000 -9.27179900 211.59410000 -229.68780000 -9.27179900 211.92980000 -232.62710000 -9.27179900 207.94080000 10.00000000
//collider136
COOBB N -318.04520000 -0.12143520 283.26400000 -317.55550000 -0.12143520 283.36520000 -318.94520000 -0.12143140 287.61830000 11.13409000
//-collider71
COOBB Y -232.36950000 -9.92969700 232.76280000 -231.97050000 -9.92969700 233.06410000 -234.04750000 -9.92969700 234.98500000 10.00000000
//coll_tree_009
COAACYLINDER N -210.158 -6.662 236.497 0.586 4.284
//-collider97
COOBB Y -233.32680000 -15.14313000 169.99350000 -232.84180000 -15.14313000 170.11530000 -233.69340000 -15.14313000 171.45420000 10.12166000
//collider166
COOBB N -268.20410000 -3.18224500 348.79550000 -267.84880000 -3.18224500 348.44370000 -264.60700000 -3.18224500 352.42930000 10.00000000
//collider40
COOBB N -291.71690000 -6.48764200 297.46250000 -291.87740000 -6.48764200 296.98890000 -287.43290000 -6.48764600 296.01050000 10.06080000
//coll_tree_009
COAACYLINDER N -290.137 -0.467 320.627 0.718 5.247
//collider30
COOBB N -284.10960000 -2.37980400 325.34180000 -284.58470000 -2.37980400 325.49770000 -285.32620000 -2.37980100 321.63280000 12.16238000
//collider4
COOBB N -216.42910000 -16.66969000 403.04830000 -216.27880000 -16.66969000 402.57150000 -214.07490000 -16.66969000 403.79040000 10.00000000
//-collider98
COOBB Y -233.67400000 -15.02147000 171.39340000 -233.20850000 -15.02147000 171.57590000 -235.03640000 -15.02147000 174.86810000 10.24332000
//collider170
COOBB N -254.16540000 -9.74939400 371.08430000 -253.67360000 -9.74939400 370.99440000 -253.42880000 -9.74939500 375.11460000 12.21288000
//collider180
COOBB N -240.13420000 -16.84393000 401.15830000 -239.73340000 -16.84393000 400.85940000 -238.92930000 -16.84393000 402.77420000 10.08712000
//-collider46
COOBB Y -257.42020000 -10.31577000 309.71440000 -257.92010000 -10.31577000 309.70370000 -257.11860000 -10.31577000 295.51670000 10.00000000
//-collider101
COOBB Y -237.84330000 -13.80489000 176.39910000 -237.81090000 -13.80489000 176.89800000 -240.82270000 -13.80490000 176.59240000 10.48663000
//coll_tree_009
COAACYLINDER N -172.867 2.973 348.819 0.603 4.407
//coll_tree_009
COAACYLINDER N -246.484 4.240 258.882 0.829 6.053
//coll_tree_009
COAACYLINDER N -276.267 2.010 336.614 0.573 4.186
//collider86
COOBB N -232.50500000 -12.69198000 208.19080000 -232.99760000 -12.69198000 208.27650000 -234.93240000 -12.69198000 194.23140000 13.42018000
//collider177
COOBB N -254.15900000 -16.79437000 395.94350000 -253.65980000 -16.79437000 395.97160000 -254.71590000 -16.79437000 405.83300000 10.34924000
//coll_tree_009
COAACYLINDER N -292.722 -3.496 303.981 0.767 5.606
//coll_tree_009
COAACYLINDER N -251.355 -6.554 268.690 0.791 5.777
//coll_tree_009
COAACYLINDER N -262.594 -13.058 245.598 0.813 5.936
//-collider65
COOBB Y -244.63980000 -9.92969700 240.79720000 -245.12080000 -9.92969700 240.66080000 -242.46930000 -9.92969700 233.13900000 10.81520000
//-collider16
COOBB Y -243.55100000 -6.88229500 361.00430000 -243.96640000 -6.88229500 361.28260000 -246.20160000 -6.88229500 357.04840000 11.16302000
//collider145
COOBB N -307.96350000 1.35064500 341.00310000 -308.13040000 1.35064500 340.53180000 -303.71480000 1.35064500 339.49920000 10.00000000
//coll_tree_009
COAACYLINDER N -227.362 -8.112 233.547 0.829 6.053
//coll_tree_009
COAACYLINDER N -298.071 -2.404 297.629 0.469 3.429
//collider148
COOBB N -306.72640000 5.15190300 343.20210000 -306.23610000 5.15190300 343.30040000 -307.31470000 5.15190300 346.13400000 10.00000000
//Cube
COOBB N -239.34830000 -11.92575000 205.97560000 -236.09290000 -11.92575000 206.91330000 -239.88070000 -11.92575000 207.82370000 4.57116300
//coll_tree_009
COAACYLINDER N -215.497 12.058 323.631 0.804 5.870
//-collider42
COOBB Y -281.09090000 -10.31577000 303.93760000 -280.59200000 -10.31577000 303.90350000 -280.80110000 -10.31577000 308.17730000 11.88266000
//-collider99
COOBB Y -234.36630000 -14.77815000 174.59440000 -234.57090000 -14.77815000 175.05060000 -235.38120000 -14.77815000 174.13940000 10.48663000
//-collider72
COOBB Y -234.12360000 -9.92969700 235.44190000 -233.64840000 -9.92969700 235.28630000 -233.06640000 -9.92969700 238.67140000 10.00000000
//collider126
COOBB N -318.68810000 -2.12231300 269.35670000 -318.96800000 -2.12231300 269.77100000 -322.14910000 -2.12231600 267.01810000 14.11687000
//coll_tree_009
COAACYLINDER N -304.167 1.697 321.699 0.925 6.754
//coll_tree_009
COAACYLINDER N -212.081 -0.292 259.741 0.818 5.975
//-collider87
COOBB Y -234.93500000 -14.95164000 194.41630000 -235.42510000 -14.95164000 194.31700000 -234.11840000 -14.95164000 190.38390000 12.25967000
//collider138
COOBB N -322.74560000 -1.25551800 290.31050000 -322.49540000 -1.25551800 290.74340000 -329.48170000 -1.25551800 294.20390000 10.00000000
//-collider62
COOBB Y -255.97220000 -13.04950000 258.18590000 -256.45310000 -13.04950000 258.04880000 -254.06760000 -13.04950000 251.50230000 10.98375000
//-collider9
COOBB Y -211.92890000 -17.23870000 385.94650000 -212.36900000 -17.23870000 385.70910000 -211.11360000 -17.23870000 384.43500000 10.28450000
//collider133
COOBB N -330.14920000 1.99454700 275.32070000 -329.77720000 1.99454700 274.98670000 -325.08220000 1.99454700 280.96510000 10.00000000
//-collider68
COAABB Y -234.935 -9.930 226.948 -230.196 0.070 227.488
//collider185
COOBB N -219.73270000 -16.66969000 406.82960000 -220.16960000 -16.66969000 407.07260000 -222.89950000 -16.66969000 401.13570000 10.00000000
//collider112
COOBB N -289.22980000 -16.66970000 197.15500000 -288.86760000 -16.66970000 197.49980000 -292.37960000 -16.66970000 200.46300000 10.82978000
//collider179
COOBB N -251.08430000 -17.01816000 410.62750000 -251.39760000 -17.01816000 410.23780000 -239.42000000 -17.01817000 401.24900000 10.17424000
//coll_tree_009
COAACYLINDER N -271.935 -14.251 242.872 1.139 8.321
//-collider12
COOBB Y -227.02300000 -8.04532000 376.54330000 -227.52300000 -8.04532000 376.55020000 -227.09870000 -8.04532100 371.06730000 10.00000000
//collider1
COOBB N -219.52270000 -16.66969000 400.50280000 -219.95660000 -16.66969000 400.75130000 -220.39940000 -16.66969000 398.97160000 10.00000000
//coll_tree_009
COAACYLINDER N -258.520 -7.485 306.718 0.677 4.947
//coll_tree_009
COAACYLINDER N -213.767 -16.120 396.149 2.134 12.120
//-collider84
COOBB Y -222.01720000 -9.27179900 214.75710000 -222.21850000 -9.27179900 215.21480000 -229.48650000 -9.27179900 211.47210000 10.00000000
//coll_tree_009
COAACYLINDER N -267.723 -9.138 266.279 0.605 4.420
//collider128
COOBB N -323.77570000 1.99454700 267.33640000 -324.13670000 1.99454700 267.68230000 -328.22970000 1.99454700 262.68760000 10.00000000
//collider160
COOBB N -287.89660000 1.35064500 346.62980000 -288.14200000 1.35064500 347.06550000 -289.54380000 1.35064500 345.70220000 10.00000000
//collider124
COOBB N -311.06230000 -3.73192000 277.47050000 -311.33800000 -3.73192000 277.88770000 -315.68830000 -3.73192000 274.41420000 10.00000000
//coll_tree_009
COAACYLINDER N -304.365 4.474 336.874 0.496 2.415
//-collider120
COOBB Y -312.72610000 -13.99637000 266.24080000 -312.39130000 -13.99637000 265.86940000 -308.32630000 -13.99637000 270.20830000 13.33278000
//collider161
COOBB N -290.17540000 1.35064500 345.82040000 -289.78910000 1.35064500 346.13790000 -293.55290000 1.35064500 349.92920000 10.00000000
//collider184
COOBB N -227.02900000 -16.66969000 411.94010000 -227.29360000 -16.66969000 411.51580000 -219.90500000 -16.66969000 407.49690000 10.00000000
//coll_tree_009
COAACYLINDER N -261.519 -7.408 304.239 0.605 4.420
//collider36
COOBB N -295.35740000 -6.24446200 299.53370000 -295.77070000 -6.24446200 299.81510000 -303.48310000 -6.24446200 287.59780000 10.24319000
//-collider107
COOBB Y -251.50540000 -14.27976000 192.56160000 -251.01250000 -14.27976000 192.64550000 -252.18210000 -14.27976000 196.54000000 10.57111000
//collider151
COOBB N -301.48250000 5.15190300 345.54190000 -301.12660000 5.15190300 345.89310000 -303.87030000 5.15190300 347.96150000 10.00000000
//coll_tree_009
COAACYLINDER N -251.895 -1.036 288.101 0.690 5.038
//-collider14
COOBB Y -235.35230000 -8.04532000 363.02660000 -235.33030000 -8.04532000 363.52610000 -240.77590000 -8.04532100 363.26560000 10.00000000
//-collider59
COOBB Y -265.91320000 -13.01677000 258.50670000 -266.40340000 -13.01677000 258.60540000 -266.38930000 -13.01677000 256.14300000 10.01091000
//collider95
COOBB N -227.58050000 -17.21130000 162.94560000 -227.45850000 -17.21130000 163.43050000 -233.08890000 -17.21130000 164.33160000 10.00000000
//collider146
COOBB N -303.59590000 1.35064500 339.43810000 -303.88170000 1.35064500 339.02790000 -299.15160000 1.35064500 336.34160000 10.00000000
//-collider7
COOBB Y -199.52490000 -17.80771000 387.96090000 -199.49610000 -17.80771000 388.46010000 -207.68580000 -17.80770000 388.43190000 11.13802000
//coll_tree_009
COAACYLINDER N -203.834 12.848 346.383 0.818 5.975
//collider24
COOBB N -270.77210000 -3.19165900 337.77190000 -271.26560000 -3.19165900 337.85220000 -271.09250000 -3.19165900 335.80320000 10.18589000
//collider164
COOBB N -282.76780000 -3.18224500 352.09200000 -282.78210000 -3.18224500 351.59220000 -273.74730000 -3.18224500 351.83330000 14.53289000
//collider57
COOBB N -266.98220000 -12.96222000 263.60360000 -267.21830000 -12.96222000 263.16280000 -263.96260000 -12.96222000 261.98630000 10.04364000
//collider156
COOBB N -300.00060000 5.15190300 352.45290000 -299.99510000 5.15190300 351.95290000 -296.67200000 5.15190300 352.48980000 10.00000000
//collider2
COOBB N -220.49130000 -16.66969000 399.58480000 -220.83330000 -16.66969000 399.22010000 -219.26550000 -16.66969000 398.43510000 10.00000000
//collider140
COOBB N -326.48510000 -2.59699400 300.63220000 -326.33510000 -2.59699400 300.15530000 -318.15820000 -2.59699400 303.25160000 11.34148000
//collider147
COOBB N -299.80490000 1.35064100 335.59230000 -299.43740000 1.35064100 335.93130000 -306.60360000 1.35064500 342.96140000 13.80126000
//-collider152
COOBB Y -303.87120000 5.15190300 348.66310000 -303.51440000 5.15190300 348.31270000 -302.08510000 5.15190300 350.48160000 10.00000000
//-collider118
COOBB Y -315.96260000 -15.66720000 256.74400000 -315.56690000 -15.66720000 256.43840000 -313.10660000 -15.66720000 260.44190000 10.33417000
//-collider119
COOBB Y -313.21010000 -15.33303000 260.16410000 -312.71090000 -15.33303000 260.13630000 -312.89050000 -15.33303000 265.89730000 11.33666000
//collider188
COOBB N -208.86450000 -16.66969000 414.07660000 -209.28300000 -16.66969000 414.35020000 -218.02070000 -16.66969000 400.07330000 10.00000000
//-collider48
COOBB Y -261.23820000 -10.31577000 284.12930000 -261.35240000 -10.31577000 284.61610000 -270.92600000 -10.31577000 281.85630000 10.00000000
//-collider19
COOBB Y -245.96640000 -5.71927000 339.47310000 -246.23270000 -5.71927000 339.89620000 -249.81130000 -5.71927000 337.05270000 10.00000000
//collider56
COOBB N -267.25680000 -12.91858000 266.25520000 -267.74910000 -12.91858000 266.16820000 -266.72590000 -12.91858000 263.24980000 10.04365000
//-collider52
COOBB Y -265.25100000 -11.65299000 277.81350000 -265.75050000 -11.65299000 277.83580000 -265.42520000 -11.65299000 273.92110000 10.00000000
//coll_tree_009
COAACYLINDER N -284.113 -6.323 299.409 0.749 5.473
//collider25
COOBB N -271.29650000 -3.00576900 335.47590000 -271.58610000 -3.00576900 335.88350000 -275.94630000 -3.00576900 332.17200000 10.18589000
//coll_tree_009
COAACYLINDER N -212.274 0.629 290.712 0.857 6.261
//collider94
COOBB N -219.56160000 -17.21130000 166.38400000 -219.76430000 -17.21130000 166.84120000 -227.25590000 -17.21130000 162.97340000 10.00000000
//collider125
COOBB N -315.53400000 -3.73192000 274.57610000 -315.96400000 -3.73192000 274.83140000 -318.53810000 -3.73192000 269.51580000 11.60960000
//Cube
COOBB N -286.08880000 -16.26795000 222.07580000 -278.96170000 -16.26795000 224.35290000 -286.85190000 -16.26795000 224.46410000 6.49557100
//collider141
COOBB N -318.47500000 -2.59699400 302.95360000 -318.00810000 -2.59699400 302.77470000 -315.55830000 -2.59699400 310.57010000 10.98691000
//coll_tree_009
COAACYLINDER N -303.664 1.984 325.965 0.376 2.744
//collider26
COOBB N -276.60260000 -2.81987500 332.23960000 -276.23590000 -2.81987500 332.57950000 -281.28500000 -2.81987900 337.29130000 10.37178000
//collider127
COOBB N -322.50150000 1.99454700 266.93760000 -322.42910000 1.99454700 267.43240000 -324.20910000 1.99454700 267.18750000 10.00000000
//collider169
COOBB N -257.81330000 -7.53650800 366.60020000 -257.42220000 -7.53650800 366.28870000 -254.06460000 -7.53651200 371.30590000 10.90946000
//collider115
COOBB N -302.04820000 -16.66969000 230.69210000 -301.64260000 -16.66969000 230.98440000 -311.31810000 -16.66969000 243.55470000 10.00000000
//coll_tree_009
COAACYLINDER N -266.792 -7.953 276.476 0.594 4.341
//collider45
COOBB N -260.76000000 -10.31577000 312.59030000 -261.07040000 -10.31577000 312.19830000 -257.60970000 -10.31577000 310.09570000 10.00000000
//-collider11
COOBB Y -214.89870000 -16.66969000 379.38050000 -215.02690000 -16.66969000 379.86370000 -227.39490000 -16.66970000 376.06690000 18.62438000
//-collider78
COOBB Y -212.68290000 -6.88173100 251.71470000 -212.75870000 -6.88173100 251.22050000 -209.85830000 -6.88173100 251.28170000 10.00000000
//coll_tree_009
COAACYLINDER N -228.247 13.288 344.161 0.804 5.870
//collider113
COOBB N -292.51010000 -16.66969000 200.72220000 -292.01750000 -16.66969000 200.80780000 -294.40630000 -16.66969000 211.64330000 10.00000000
//coll_tree_009
COAACYLINDER N -264.394 -9.885 263.774 0.554 4.044
//-collider74
COOBB Y -235.16790000 -8.07527300 240.22790000 -234.66920000 -8.07527300 240.19120000 -234.66740000 -8.07527400 247.03080000 11.85442000
//collider82
COOBB N -211.15120000 -8.67427500 227.80310000 -211.64600000 -8.67427500 227.87530000 -211.96070000 -8.67428000 222.26150000 10.59752000
//coll_tree_009
COAACYLINDER N -210.708 -6.433 243.669 0.537 3.920
//coll_tree_009
COAACYLINDER N -262.822 -11.587 252.423 0.605 4.420
//collider43
COOBB N -280.49190000 -10.31577000 308.60580000 -280.30220000 -10.31577000 308.14320000 -271.34710000 -10.31577000 312.35400000 10.00000000
//collider153
COOBB N -301.37570000 5.15190300 350.48570000 -301.72840000 5.15190300 350.13130000 -298.90100000 5.15190300 348.02290000 10.00000000
//-collider90
COOBB Y -228.89520000 -17.21130000 184.47170000 -228.77670000 -17.21130000 183.98600000 -226.25760000 -17.21130000 185.11520000 10.00000000
//-collider67
COOBB Y -238.29390000 -9.92969700 229.40980000 -238.53530000 -9.92969700 228.97190000 -234.69400000 -9.92969700 227.42570000 10.00000000
//coll_tree_009
COAACYLINDER N -218.665 -7.924 299.348 0.752 5.494
//Cube
COOBB N -297.64180000 -15.69811000 241.83800000 -293.17930000 -15.69811000 247.84360000 -299.65430000 -15.69811000 243.33340000 5.67588800
//-collider70
COOBB Y -227.17930000 -9.92969700 230.38240000 -226.97590000 -9.92969700 230.83910000 -232.17400000 -9.92969700 232.60740000 10.00000000
//coll_tree_009
COAACYLINDER N -299.578 -3.101 295.198 0.469 3.422
//-collider66
COOBB Y -242.61330000 -9.92969700 233.37200000 -242.95040000 -9.92969700 233.00270000 -238.19820000 -9.92969700 229.34120000 10.00000000
//collider139
COOBB N -329.67430000 -1.25551800 294.86910000 -329.23150000 -1.25551800 294.63680000 -326.77780000 -1.25551800 300.38760000 10.00000000
//coll_tree_009
COAACYLINDER N -318.046 -0.748 298.045 0.605 4.420
//-collider122
COOBB Y -302.61760000 -10.03955000 275.33620000 -302.32160000 -10.03955000 275.73920000 -306.19890000 -10.03955000 277.96740000 13.32269000
//-collider117
COAABB Y -322.728 -16.001 256.438 -315.567 -5.667 256.943
//-collider89
COOBB Y -231.69320000 -17.21130000 188.09510000 -232.07020000 -17.21130000 187.76660000 -228.39970000 -17.21130000 184.31440000 11.12983000
//collider175
COOBB N -245.13470000 -16.58168000 385.02460000 -245.05900000 -16.58168000 385.51880000 -249.70310000 -16.58167000 385.72410000 10.21270000
//collider159
COOBB N -286.93430000 1.35064500 344.65140000 -286.53630000 1.35064500 344.95400000 -288.53990000 1.35064500 346.76280000 10.00000000
//coll_tree_009
COAACYLINDER N -284.031 -6.152 295.503 0.458 3.345
//-collider17
COOBB Y -246.15530000 -5.71927000 357.51870000 -246.61700000 -5.71927000 357.32680000 -243.18330000 -5.71927000 350.37140000 10.00000000
//coll_tree_009
COAACYLINDER N -297.016 -4.011 293.105 0.508 3.713
//coll_tree_009
COAACYLINDER N -264.343 -6.915 290.902 1.014 7.404
//-collider106
COOBB Y -244.15020000 -13.70865000 187.33390000 -243.86740000 -13.70865000 187.74620000 -251.29520000 -13.70865000 192.23310000 11.14223000
//collider178
COOBB N -254.63700000 -17.01817000 406.13190000 -254.21670000 -17.01817000 405.86120000 -251.81790000 -17.01817000 410.50860000 10.57304000
//coll_tree_009
COAACYLINDER N -272.123 -14.251 244.725 1.139 8.321
//coll_tree_009
COAACYLINDER N -280.874 1.287 330.147 0.649 4.738
//Cube
COOBB N -253.88620000 -12.17863000 198.69790000 -249.51520000 -12.17863000 201.38260000 -255.19840000 -12.17863000 200.83440000 3.69692200
//collider130
COOBB N -331.49980000 1.99454700 265.18910000 -331.00150000 1.99454700 265.14810000 -331.24760000 1.99454700 268.24710000 10.00000000
//-collider35
COOBB Y -292.21780000 -6.00127600 301.08910000 -292.44750000 -6.00127600 301.53320000 -295.54100000 -6.00127600 299.37090000 10.48637000
//collider171
COOBB N -253.20870000 -10.61444000 375.44440000 -252.93700000 -10.61444000 375.02470000 -239.67050000 -10.61444000 384.20770000 10.86504000
//collider28
COOBB N -282.29170000 -1.70454200 338.08490000 -282.64690000 -1.70454200 337.73290000 -277.91500000 -1.70454600 333.66860000 11.48712000
//coll_tree_009
COAACYLINDER N -261.697 -13.563 245.119 0.951 6.946
//collider142
COOBB N -315.58440000 -1.61009000 310.47470000 -315.09140000 -1.61009000 310.39130000 -314.48310000 -1.61008600 316.98290000 10.98692000
//collider183
COOBB N -239.92590000 -16.69147000 415.71000000 -240.06550000 -16.69147000 415.22990000 -227.15400000 -16.69147000 411.99590000 10.02178000
//coll_tree_009
COAACYLINDER N -217.776 14.833 359.295 0.605 4.420
//coll_tree_009
COAACYLINDER N -233.617 -3.007 297.048 0.832 6.079
//collider21
COOBB N -253.90360000 -5.71927000 334.55590000 -253.92270000 -5.71927000 335.05550000 -257.07510000 -5.71927000 334.43460000 10.00000000
//collider44
COOBB N -271.17270000 -10.31577000 312.39110000 -271.15750000 -10.31577000 311.89140000 -261.08560000 -10.31577000 312.69800000 10.00000000
//collider38
COOBB N -302.81260000 -6.39644800 287.09790000 -302.49700000 -6.39644800 286.71010000 -296.94380000 -6.39645100 291.87470000 10.03040000
//-collider108
COOBB Y -252.08150000 -14.85087000 196.31390000 -251.68910000 -14.85087000 196.62390000 -255.83490000 -14.85087000 201.06460000 10.57111000
//-collider10
COOBB Y -211.16350000 -16.95420000 383.88490000 -211.55370000 -16.95420000 384.19760000 -214.63670000 -16.95420000 379.55110000 10.28450000
//-collider55
COOBB Y -270.26810000 -12.87493000 269.48970000 -270.62730000 -12.87493000 269.14190000 -267.38990000 -12.87494000 266.51600000 10.17457000
//collider92
COOBB N -218.58210000 -17.21130000 175.47450000 -218.96770000 -17.21130000 175.15630000 -215.77070000 -17.21130000 172.06780000 10.00000000
//-collider155
COOBB Y -301.13330000 5.15190300 349.82820000 -300.65320000 5.15190300 349.68870000 -300.47520000 5.15190300 352.09250000 10.00000000
//coll_tree_009
COAACYLINDER N -208.225 -6.357 231.196 0.559 4.082
//coll_tree_009
COAACYLINDER N -322.725 -1.249 293.840 0.551 4.026
