COCOUNT 391
//coll_prop_051
COAACYLINDER N 156.254 -53.827 107.810 0.703 31.240
//coll_riv_53
COOBB N 8.59075000 -60.45300000 145.63380000 9.93174900 -60.45300000 145.58100000 8.79704900 -60.45300000 150.87300000 15.00000000
//coll_riv_28
COOBB N 51.10625000 -62.19580000 104.67300000 51.16855000 -62.19580000 103.33240000 65.10845000 -62.19580000 105.32360000 15.00000000
//coll_riv_50
COOBB N 14.61665000 -61.21500000 119.52120000 15.62750000 -61.21500000 119.90150000 10.53250000 -61.21500000 130.37850000 15.17000000
//coll_riv_37
COOBB N 180.98370000 -61.68590000 143.66280000 182.32160000 -61.68590000 143.55710000 181.49640000 -61.68590000 150.15490000 15.00000000
//coll_tent_015
COOBB N 32.20181000 -55.35266000 -57.03973000 32.80246000 -55.35266000 -53.69353000 26.53694000 -55.35266000 -56.02287000 3.97852300
//coll_fence_053
COOBB N 23.85025000 -41.78616000 -13.17954000 23.88576000 -41.78616000 -12.10543000 21.72724000 -41.78616000 -13.10936000 6.28051000
//coll_rock_081
COAACYLINDER N 215.844 -53.030 129.517 5.356 18.683
//coll_fence_075
COOBB N -61.73110000 -41.78616000 -55.35618000 -61.37174000 -41.78616000 -56.47807000 -54.48006000 -41.78616000 -53.03353000 6.28051000
//-coll_138
COOBB Y 82.91005000 -55.45235000 174.80650000 75.73323000 -55.45235000 175.31420000 82.71817000 -55.45235000 172.09380000 14.97370000
//coll_rock_085
COAACYLINDER N 169.560 -46.708 205.480 1.759 6.136
//coll_riv_09
COOBB N 7.75734900 -60.45000000 -141.60770000 9.09161900 -60.45000000 -141.46350000 4.70838200 -60.45000000 -113.39650000 15.00000000
//coll_bridge_02
COOBB N 2.12346900 -59.74020000 -97.87335000 2.44277800 -59.74020000 -99.10255000 11.43444000 -59.74020000 -95.45465000 9.90000200
//coll_rock_38
COAACYLINDER N -27.732 -43.732 -128.103 3.182 13.092
//-coll_34
COOBB Y -87.88058000 -57.04615000 -55.87849000 -89.02988000 -57.04615000 -78.83513000 -85.16451000 -57.04615000 -56.01447000 14.97370000
//coll_fence_054
COOBB N 21.83912000 -41.78616000 -13.09229000 21.57521000 -41.78616000 -12.05050000 19.77999000 -41.78616000 -13.61390000 6.28051000
//coll_prop_069
COAACYLINDER N 60.441 -53.827 -121.772 0.907 31.240
//coll_prop_047
COAACYLINDER N 164.150 -56.633 111.354 1.093 31.240
//coll_tree_023
COAACYLINDER N 39.710 -55.979 -61.276 1.270 31.240
//-coll_52
COOBB Y -33.78278000 -51.78195000 -107.68340000 -22.21478000 -51.78195000 -104.49860000 -34.50462000 -51.78195000 -105.06140000 14.97370000
//coll_riv_45
COOBB N 100.37920000 -63.46410000 134.17960000 99.82036000 -63.46410000 135.39970000 86.04524000 -63.46410000 127.61430000 15.00000000
//coll_fence_090
COOBB N 61.19918000 -55.60945000 -120.15240000 62.01101000 -55.60945000 -120.08420000 59.90319000 -55.60945000 -104.74180000 18.27630000
//coll_tree_009
COAACYLINDER N -10.246 -53.648 140.231 1.194 8.724
//coll_prop_027
COAACYLINDER N 50.693 -54.944 126.863 0.594 31.240
//-coll_28
COOBB Y -13.56677000 -57.04615000 -138.56000000 8.73342900 -57.04615000 -144.13040000 -12.90771000 -57.04615000 -135.92160000 14.97370000
//coll_prop_043
COAACYLINDER N 204.347 -53.827 129.513 0.814 31.240
//-coll_04
COOBB Y -64.27750000 -50.73685000 134.76900000 -43.29281000 -50.73685000 144.14830000 -65.38720000 -50.73685000 137.25170000 14.97370000
//coll_fence_079
COOBB N 54.38836000 -41.78616000 -16.61803000 54.61620000 -41.78616000 -17.40021000 57.84020000 -41.78616000 -15.61259000 6.28051000
//-coll_33
COOBB Y 46.30049000 -55.45235000 191.40920000 64.79596000 -55.45235000 205.05650000 44.68584000 -55.45235000 193.59750000 14.97370000
//coll_tree_009
COAACYLINDER N -18.501 -53.929 108.032 0.921 6.730
//coll_riv_32
COOBB N 123.31900000 -61.78050000 105.73830000 123.52590000 -61.78050000 104.41230000 149.25610000 -61.78050000 109.78370000 15.00000000
//coll_fence_072
COOBB N 8.59690100 -54.44915000 -31.84258000 9.31234700 -54.44915000 -31.45290000 4.34111000 -54.44915000 -24.02909000 16.26650000
//coll_prop_062
COAACYLINDER N 48.741 -55.613 -63.643 0.814 31.240
//coll_prop_030
COAACYLINDER N 70.236 -53.827 143.566 0.814 31.240
//coll_prop_081
COAACYLINDER N -38.195 -53.827 -105.599 0.814 31.240
//coll_rock_088
COAACYLINDER N 171.976 -54.802 194.221 1.759 6.136
//coll_riv_56
COOBB N 8.82701900 -60.45000000 118.05780000 10.05701000 -60.45000000 118.59460000 4.98298500 -60.45000000 126.86540000 15.00000000
//-coll_132
COOBB Y -55.88178000 -48.44395000 -36.61291000 -60.39195000 -48.44395000 -44.43357000 -53.94744000 -48.44395000 -37.72844000 18.41770000
//-coll_127
COOBB Y -61.09571000 -48.44395000 51.21853000 -56.90008000 -48.44395000 33.29279000 -58.92153000 -48.44395000 51.72741000 18.41770000
//-coll_157
COOBB Y -23.02289000 -57.04615000 -102.92420000 -16.92870000 -57.04615000 -104.19590000 -22.79790000 -57.04615000 -101.84610000 14.97370000
//coll_riv_57
COOBB N 12.46516000 -60.45000000 103.55200000 13.79675000 -60.45000000 103.71920000 11.08325000 -60.45000000 114.56080000 15.00000000
//coll_tree_024
COAACYLINDER N 26.905 -54.792 -101.565 1.270 31.240
//coll_rock_41
COAACYLINDER N -47.678 -43.732 -93.697 3.182 13.092
//-coll_131
COOBB Y -52.97025000 -48.44395000 -25.80947000 -56.26656000 -48.44395000 -37.38665000 -50.82265000 -48.44395000 -26.42095000 18.41770000
//-coll_60
COOBB Y -44.77708000 -37.70655000 -111.50180000 -34.67698000 -37.70655000 -132.14920000 -42.33423000 -37.70655000 -110.30680000 14.97370000
//coll_tree_009
COAACYLINDER N 177.177 -55.152 101.818 0.931 6.799
//coll_prop_026
COAACYLINDER N 10.770 -56.670 113.340 0.814 31.240
//-coll_130
COOBB Y -52.14219000 -48.44395000 -14.83987000 -53.33203000 -48.44395000 -26.81822000 -49.92018000 -48.44395000 -15.06058000 18.41770000
//coll_prop_068
COAACYLINDER N 57.919 -53.827 -109.310 0.907 31.240
//coll_riv_11
COOBB N 18.42046000 -60.45000000 -135.32960000 19.66240000 -60.45000000 -134.82100000 13.65760000 -60.45000000 -123.69900000 15.00000000
//-coll_153
COOBB Y 64.58817000 -52.20310000 34.08950000 70.29445000 -52.20310000 43.78722000 63.72095000 -52.20310000 34.59978000 32.34320000
//coll_tree_009
COAACYLINDER N 156.983 -55.954 180.661 1.231 8.992
//-coll_35
COOBB Y -89.52257000 -57.04615000 -61.61701000 -66.55341000 -57.04615000 -62.48074000 -89.42038000 -57.04615000 -58.89946000 14.97370000
//coll_tree_009
COAACYLINDER N -9.815 -55.105 -76.933 1.180 8.616
//-coll_33
COOBB Y -89.36497000 -57.04615000 -70.80501000 -66.39581000 -57.04615000 -71.66874000 -89.26279000 -57.04615000 -68.08746000 14.97370000
//coll_riv_47
COOBB N 67.42883000 -62.98020000 120.76470000 67.01459000 -62.98020000 122.04130000 33.59982000 -62.98020000 109.78670000 15.00000000
//coll_riv_23
COOBB N 2.90881600 -60.45000000 39.82081000 4.24457900 -60.45000000 39.69116000 5.09542100 -60.45000000 62.34884000 15.00000000
//-coll_tent_017
COAACYLINDER Y 44.076 -55.316 -56.900 5.000 5.222
//-coll_151
COOBB Y 77.88467000 -51.52800000 49.57195000 94.11616000 -51.52800000 56.32750000 77.49804000 -51.52800000 50.50090000 32.34320000
//coll_fence_059
COOBB N 15.49005000 -41.78616000 -19.17213000 14.41707000 -41.78616000 -19.23268000 15.60973000 -41.78616000 -21.29292000 6.28051000
//coll_prop_067
COAACYLINDER N 53.915 -53.827 -91.715 1.447 31.240
//-coll_121
COOBB Y 51.17922000 -55.45235000 162.22350000 53.39349000 -55.45235000 169.74220000 48.57051000 -55.45235000 162.99180000 14.97370000
//coll_fence_089
COOBB N 59.88647000 -55.60945000 -105.04930000 60.68755000 -55.60945000 -104.90090000 57.07125000 -55.60945000 -89.84266000 18.27630000
//-coll_07
COOBB Y 8.79214700 -56.29915000 149.11850000 22.46006000 -56.29915000 150.95840000 8.42933500 -56.29915000 151.81360000 14.97370000
//coll_riv_17
COOBB N -8.34076900 -60.45000000 -44.85948000 -7.03017400 -60.45000000 -44.57067000 -11.48983000 -60.45000000 -30.56933000 15.00000000
//coll_prop_061
COAACYLINDER N 22.548 -56.292 -55.671 0.814 31.240
//coll_fence_063
COOBB N 17.82481000 -41.78616000 -26.44086000 17.28725000 -41.78616000 -27.37144000 19.66415000 -41.78616000 -27.50336000 6.28051000
//-coll_66
COOBB Y 206.29570000 -53.46190000 118.32760000 210.98400000 -53.46190000 135.27210000 205.32600000 -53.46190000 118.59590000 32.34320000
//-coll_134
COOBB Y -30.33238000 -52.85990000 16.70365000 -31.60901000 -52.85990000 32.30521000 -40.27839000 -52.85990000 15.88980000 20.36900000
//coll_campfire_008
COOBB N 39.25561000 -53.85000000 -118.89310000 41.86396000 -53.85000000 -118.80360000 39.19603000 -53.85000000 -117.15640000 4.95999900
//coll_riv_16
COOBB N -0.66623000 -60.45000000 -59.53757000 0.52280430 -60.45000000 -58.91526000 -8.28280400 -60.45000000 -44.98474000 15.00000000
//coll_riv_52
COOBB N 8.73711000 -60.45300000 140.49970000 10.07897000 -60.45300000 140.52180000 8.65085200 -60.45300000 145.74220000 15.00000000
//coll_bridge_01
COOBB N 0.94056080 -59.74000000 -92.60342000 1.44340900 -59.74000000 -94.53917000 9.49659100 -59.74000000 -90.38083000 10.00000000
//-coll_ruin_023
COOBB Y 36.44211000 -53.75256000 68.37339000 34.30707000 -53.75256000 68.40273000 36.31173000 -53.75256000 58.88207000 6.90831000
//coll_riv_56
COOBB N 4.96560800 -60.45000000 126.90100000 6.27748700 -60.45000000 127.18390000 3.64251300 -60.45000000 133.03610000 15.00000000
//coll_prop_080
COAACYLINDER N -16.310 -55.601 -96.671 0.675 31.240
//coll_rock_086
COAACYLINDER N 166.540 -47.308 205.850 1.759 6.136
//coll_tree_022
COAACYLINDER N 40.786 -53.827 21.041 1.629 31.240
//coll_prop_037
COAACYLINDER N 93.372 -53.851 154.151 0.703 31.240
//-coll_114
COOBB Y 46.44217000 -52.71425000 -15.60996000 51.68712000 -52.71425000 4.69548600 45.36128000 -52.71425000 -15.33076000 18.25410000
//-coll_ruin_024
COAABB Y 33.865 -53.753 65.997 43.368 -46.844 68.184
//coll_prop_075
COAACYLINDER N -3.362 -53.827 -132.414 0.988 31.240
//Box003
COOBB N -40.45346000 -42.76095000 -38.61903000 -39.26739000 -42.76095000 -38.86329000 -39.23121000 -42.76095000 -32.68431000 8.52789300
//-coll_152
COOBB Y 69.73750000 -51.98170000 43.10400000 78.59269000 -51.98170000 50.04613000 69.11671000 -51.98170000 43.89587000 32.34320000
//coll_riv_13
COOBB N 12.61770000 -60.45000000 -107.26940000 13.93120000 -60.45000000 -106.99410000 10.24880000 -60.45000000 -95.96593000 15.00000000
//coll_fence_087
COOBB N 60.21847000 -55.60945000 -75.61147000 60.99848000 -55.60945000 -75.37632000 55.75471000 -55.60945000 -60.80468000 18.27630000
//coll_riv_03
COOBB N -16.42948000 -60.45000000 -22.49735000 -15.11700000 -60.45000000 -22.77746000 -11.98300000 -60.45000000 -1.66254400 15.00000000
//coll_fence_04
COOBB N -31.76142000 -39.01876000 -114.19670000 -31.09299000 -39.01876000 -114.03370000 -33.18240000 -39.01876000 -108.37230000 6.28051000
//coll_riv_061
COOBB N 9.20100700 -60.45300000 135.39280000 10.53818000 -60.45300000 135.50700000 8.75479900 -60.45300000 140.61700000 15.00000000
//-coll_116
COOBB Y 36.91566000 -52.71425000 -0.92453860 45.59535000 -52.71425000 -3.11215200 37.17485000 -52.71425000 0.10385070 18.25410000
//coll_prop_054
COAACYLINDER N 39.885 -53.827 60.209 0.814 31.240
//coll_rock_093
COAACYLINDER N -46.487 -38.652 22.683 2.095 5.078
//-coll_51
COOBB Y -37.64157000 -37.70655000 -125.88680000 -19.34250000 -37.70655000 -139.79620000 -35.99590000 -37.70655000 -123.72180000 14.97370000
//-coll_137
COOBB Y 77.94146000 -55.45235000 174.30460000 70.94296000 -55.45235000 183.10230000 75.81323000 -55.45235000 172.61160000 14.97370000
//coll_rock_26
COAACYLINDER N 120.270 -46.060 199.490 2.746 9.579
//-coll_ruin_021
COOBB Y 199.78960000 -53.75256000 111.87060000 197.91730000 -53.75256000 112.89700000 195.22670000 -53.75256000 103.54700000 6.90831000
//coll_rock_082
COAACYLINDER N 213.147 -53.030 138.017 5.926 20.672
//coll_fence_060
COOBB N 15.53105000 -41.78616000 -21.22454000 14.49734000 -41.78616000 -21.51849000 16.11206000 -41.78616000 -23.26771000 6.28051000
//Box004
COOBB N -38.82478000 -49.57175000 -53.89246000 -37.73480000 -49.57175000 -54.42006000 -34.97001000 -49.57175000 -45.92874000 8.52789300
//coll_riv_46
COOBB N 86.56753000 -63.31160000 127.81000000 86.10934000 -63.31160000 129.07140000 67.33146000 -63.31160000 120.82270000 15.00000000
//coll_prop_086
COAACYLINDER N -61.009 -53.827 69.117 0.814 31.240
//coll_fence_041
COOBB N 1.45092700 -54.96675000 -110.48740000 2.07276600 -54.96675000 -110.19300000 -1.11494100 -54.96675000 -105.06900000 6.28051000
//-coll_wall_5466
COOBB Y -38.56310000 -35.68063000 -125.31850000 -34.88295000 -35.68063000 -125.49870000 -38.49584000 -35.68063000 -123.94530000 6.21426200
//coll_tree_009
COAACYLINDER N 180.225 -52.391 83.677 1.042 7.615
//-coll_27
COOBB Y 4.58559100 -57.04615000 -143.83870000 27.51407000 -57.04615000 -142.22210000 4.39433000 -57.04615000 -141.12590000 14.97370000
//coll_riv_29
COOBB N 64.09872000 -64.12120000 105.36860000 63.90035000 -64.12120000 104.04130000 95.27964000 -64.12120000 100.70870000 15.00000000
//coll_riv_27
COOBB N 37.22752000 -62.06210000 99.49084000 37.70151000 -62.06210000 98.23529000 51.27669000 -62.06210000 104.79470000 15.00000000
//coll_tree_009
COAACYLINDER N 57.792 -53.811 -95.049 0.715 5.226
//coll_fence_056
COOBB N 18.22808000 -41.78616000 -14.49377000 17.46736000 -41.78616000 -13.73464000 16.72764000 -41.78616000 -15.99736000 6.28051000
//coll_prop_042
COAACYLINDER N 189.884 -55.077 178.325 0.814 31.240
//-coll_147
COOBB Y 142.06330000 -52.97120000 70.31436000 159.44270000 -52.97120000 72.97020000 141.91130000 -52.97120000 71.30901000 32.34320000
//coll_prop_073
COAACYLINDER N -1.102 -53.827 -134.945 1.647 31.240
//coll_riv_10
COOBB N 18.20748000 -60.45300000 -141.37760000 19.54940000 -60.45300000 -141.39580000 18.29900000 -60.45300000 -134.63620000 15.00000000
//coll_prop_036
COAACYLINDER N 91.302 -53.827 153.287 0.703 31.240
//coll_rock_090
COAACYLINDER N 180.057 -54.802 191.231 2.048 7.145
//coll_bridge_04
COOBB N 8.80489000 -58.44000000 118.30990000 8.88031800 -58.44000000 118.01950000 17.69968000 -58.44000000 120.62050000 10.00000000
//coll_fence_044
COOBB N 34.47367000 -41.78616000 -13.21519000 34.22781000 -41.78616000 -13.99190000 40.09279000 -41.78616000 -14.99391000 6.28051000
//-coll_48
COOBB Y -46.79746000 -37.70655000 -93.55729000 -41.16283000 -37.70655000 -115.84140000 -44.16097000 -37.70655000 -92.89064000 14.97370000
//coll_rock_101
COAACYLINDER N -57.598 -33.887 2.823 1.502 3.655
//coll_tree_029
COAACYLINDER N 20.220 -55.838 -78.576 1.205 31.240
//-coll_124
COOBB Y 53.25957000 -55.45235000 184.22070000 50.41080000 -55.45235000 195.66610000 50.62061000 -55.45235000 183.56390000 14.97370000
//coll_fence_093
COOBB N 51.32199000 -55.60945000 -138.47740000 51.67039000 -55.60945000 -139.21380000 56.99381000 -55.60945000 -135.79420000 18.27630000
//coll_prop_074
COAACYLINDER N -9.926 -53.827 -128.921 1.829 31.240
//coll_prop_052
COAACYLINDER N 127.476 -53.827 69.548 0.814 31.240
//coll_riv_48
COOBB N 33.62146000 -62.42150000 109.70980000 33.84319000 -62.42150000 111.03340000 24.56761000 -62.42150000 111.22660000 15.00000000
//coll_fence_01
COOBB N -33.05424000 -39.01876000 -108.96130000 -32.42450000 -39.01876000 -108.68410000 -34.69651000 -39.01876000 -105.22990000 6.28051000
//coll_fence_34
COOBB N 34.02377000 -44.90988000 -11.44557000 33.91597000 -44.90988000 -11.85981000 45.89444000 -44.90988000 -14.53499000 9.29515800
//-coll_rock_081
COOBB Y 57.00518000 -40.63110000 -24.10487000 54.18766000 -40.63110000 -23.01768000 56.39634000 -40.63110000 -25.68273000 12.15240000
//coll_prop_038
COAACYLINDER N 91.165 -53.827 158.190 0.703 31.240
//coll_fence_37
COOBB N 32.49884000 -41.78616000 -17.18451000 33.52431000 -41.78616000 -17.44500000 33.94989000 -41.78616000 -11.47200000 6.28051000
//coll_riv_04
COOBB N -16.85482000 -60.45000000 -32.22396000 -15.51412000 -60.45000000 -32.28399000 -16.40588000 -60.45000000 -22.19601000 15.00000000
//coll_fence_39
COOBB N 28.54882000 -41.78616000 -15.98978000 29.57320000 -41.78616000 -16.25452000 31.08080000 -41.78616000 -6.19287900 6.28051000
//coll_tree_009
COAACYLINDER N 156.168 -54.250 82.534 1.323 9.666
//-coll_47
COOBB Y -62.46122000 -50.61885000 147.26320000 -70.04670000 -50.61885000 119.07460000 -58.23330000 -50.61885000 146.12550000 18.41770000
//coll_fence_02
COOBB N -31.33262000 -39.01876000 -119.86640000 -30.64671000 -39.01876000 -119.81220000 -31.80448000 -39.01876000 -113.88980000 6.28051000
//-coll_145
COOBB Y 175.04430000 -53.36390000 78.87347000 188.36820000 -53.36390000 90.34400000 174.38780000 -53.36390000 79.63601000 32.34320000
//-coll_156
COOBB Y -17.96190000 -57.04615000 -103.44420000 -14.99679000 -57.04615000 -123.81640000 -16.87201000 -57.04615000 -103.28560000 14.97370000
//coll_fence_051
COOBB N 20.30070000 -41.78616000 -24.05722000 20.24705000 -41.78616000 -24.22956000 26.26595000 -41.78616000 -25.91404000 6.28051000
//coll_riv_20
COOBB N -2.37728800 -60.45000000 4.24887700 -1.08144000 -60.45000000 3.89980500 -0.41855950 -60.45000000 11.52020000 15.00000000
//coll_prop_046
COAACYLINDER N 190.219 -53.827 112.758 1.093 31.240
//coll_tree_032
COAACYLINDER N 32.295 -53.827 -1.643 1.868 31.240
//-coll_104
COOBB Y 155.65140000 -48.94765000 206.35330000 156.60610000 -48.94765000 205.68300000 158.81390000 -48.94765000 210.85710000 14.43530000
//coll_tree_009
COAACYLINDER N -55.425 -52.769 109.966 0.970 7.085
//coll_prop_071
COAACYLINDER N 1.861 -55.994 -123.808 0.767 31.240
//coll_fence_095
COOBB N -66.36808000 -41.78616000 -55.65373000 -66.28561000 -41.78616000 -56.82888000 -61.35520000 -41.78616000 -55.30192000 6.28051000
//coll_fence_11
COOBB N -41.34484000 -50.64305000 56.01368000 -40.67321000 -50.64305000 56.16302000 -46.08899000 -50.64305000 77.34879000 6.28051000
//coll_prop_025
COAACYLINDER N 21.264 -55.531 123.651 0.814 31.240
//coll_fence_062
COOBB N 16.85409000 -41.78616000 -25.00144000 15.99563000 -41.78616000 -25.64797000 18.13198000 -41.78616000 -26.69823000 6.28051000
//coll_prop_048
COAACYLINDER N 164.891 -53.827 117.268 0.703 31.240
//-coll_119
COOBB Y 34.01247000 -55.45235000 153.02010000 45.66766000 -55.45235000 157.91670000 32.95914000 -55.45235000 155.52730000 14.97370000
//coll_fence_076
COOBB N -40.16275000 -41.78616000 25.67530000 -39.52896000 -41.78616000 25.94306000 -43.73243000 -41.78616000 34.12493000 6.28051000
//coll_rock_087
COAACYLINDER N 169.510 -54.802 195.154 1.759 6.136
//Box002
COOBB N -42.33385000 -42.76095000 -43.48441000 -41.19116000 -42.76095000 -43.88527000 -40.55885000 -42.76095000 -38.42453000 8.52789300
//coll_tree_009
COAACYLINDER N 27.317 -53.187 -128.985 1.018 7.436
//-coll_tent_012
COAACYLINDER Y 53.419 -52.490 151.176 2.471 5.222
//-coll_129
COOBB Y -57.69081000 -48.44395000 26.92135000 -52.18837000 -48.44395000 -15.71547000 -55.47623000 -48.44395000 27.20715000 18.41770000
//-coll_154
COOBB Y 60.66457000 -52.36530000 24.60475000 65.07531000 -52.36530000 34.95622000 59.73890000 -52.36530000 24.99918000 32.34320000
//-coll_148
COOBB Y 125.98100000 -49.90920000 66.41130000 143.08570000 -49.90920000 70.47700000 125.74830000 -49.90920000 67.39022000 32.34320000
//coll_tree_009
COAACYLINDER N 97.277 -54.027 84.096 1.039 7.592
//-coll_143
COOBB Y 198.37810000 -52.69610000 103.22860000 206.54890000 -52.69610000 118.79580000 197.48710000 -52.69610000 103.69620000 32.34320000
//coll_fence_081
COOBB N 27.66034000 -55.86790000 -41.75447000 28.03881000 -55.86790000 -41.03303000 8.51419400 -55.86790000 -31.71037000 17.20860000
//-coll_142
COOBB Y 121.64340000 -55.81200000 189.57580000 120.94790000 -55.81200000 200.96960000 120.40810000 -55.81200000 189.50040000 27.35040000
//-coll_39
COOBB Y -37.29657000 -52.07070000 -10.98530000 -36.32575000 -52.07070000 4.63826600 -39.00945000 -52.07070000 -10.87887000 20.36900000
//-coll_tent_016
COAACYLINDER Y 53.489 -52.780 30.833 2.471 5.222
//coll_rock_097
COAACYLINDER N -53.492 -49.091 79.462 3.570 6.704
//coll_riv_55
COOBB N 3.64030900 -60.45000000 133.01290000 4.97489000 -60.45000000 133.15420000 2.52511000 -60.45000000 143.54580000 15.00000000
//coll_fence_077
COOBB N -43.61211000 -41.78616000 33.71243000 -42.92806000 -41.78616000 33.63846000 -42.42134000 -41.78616000 44.72433000 6.28051000
//coll_prop_063
COAACYLINDER N 47.331 -55.645 -71.831 1.204 31.240
//coll_tree_027
COAACYLINDER N 22.491 -53.827 1.814 1.205 31.240
//coll_fence_05
COOBB N -42.23406000 -41.78616000 -35.46184000 -41.54771000 -41.78616000 -35.50999000 -41.59209000 -41.78616000 -26.31161000 6.28051000
//collider
COAACYLINDER N 7.930 -54.125 7.670 0.450 2.680
//coll_riv_05
COOBB N -14.60143000 -60.45000000 -48.48489000 -13.27193000 -60.45000000 -48.30182000 -16.88807000 -60.45000000 -31.87818000 15.00000000
//coll_fence_078
COOBB N 30.11913000 -41.78616000 -12.60575000 30.30800000 -41.78616000 -11.54778000 23.96880000 -41.78616000 -11.50782000 6.28051000
//Box01
COOBB N -48.22564000 -43.56785000 -50.62325000 -44.80456000 -43.56785000 -53.26911000 -42.36765000 -43.56785000 -43.04889000 8.52789300
//coll_riv_25
COOBB N 7.37818800 -61.76000000 70.93542000 8.44109500 -61.76000000 70.11610000 11.23890000 -61.76000000 75.94390000 15.00000000
//coll_riv_12
COOBB N 13.91956000 -60.45000000 -124.76750000 15.25758000 -60.45000000 -124.66380000 12.52242000 -60.45000000 -106.73620000 15.00000000
//coll_tree_009
COAACYLINDER N 187.225 -56.644 136.879 1.231 8.992
//-coll_rock_057
COAACYLINDER Y 13.543 -54.977 5.680 3.677 7.398
//coll_riv_21
COOBB N 2.91132700 -60.45000000 24.25030000 4.24138800 -60.45000000 24.07140000 3.61861200 -60.45000000 29.50861000 15.00000000
//-coll_38
COAABB Y -39.046 -51.965 -33.179 -31.982 -31.596 -10.171
//coll_prop_079
COAACYLINDER N -14.017 -55.703 -96.649 0.675 31.240
//coll_prop_028
COAACYLINDER N 51.168 -54.944 127.720 0.594 31.240
//coll_riv_39
COOBB N 180.26290000 -61.11570000 154.53070000 181.51810000 -61.11570000 155.00570000 178.39600000 -61.11570000 159.46430000 15.00000000
//-coll_26
COOBB Y 27.15151000 -57.04615000 -142.04120000 50.12555000 -57.04615000 -141.31890000 27.06604000 -57.04615000 -139.32310000 14.97370000
//coll_prop_070
COAACYLINDER N 45.442 -55.084 -132.312 1.787 31.240
//-coll_70
COOBB Y 205.87040000 -49.90920000 190.87700000 175.49720000 -49.90920000 209.87610000 205.33680000 -49.90920000 190.02390000 32.34320000
//coll_rock_42
COAACYLINDER N -51.897 -43.732 -92.911 3.182 13.092
//coll_fence_064
COOBB N 19.37545000 -41.78616000 -29.56094000 19.08371000 -41.78616000 -30.32160000 24.87849000 -41.78616000 -31.67159000 6.28051000
//coll_fence_055
COOBB N 19.94106000 -41.78616000 -13.60570000 19.42300000 -41.78616000 -12.66412000 18.08000000 -41.78616000 -14.62968000 6.28051000
//coll_tree_009
COAACYLINDER N -31.140 -52.054 -59.597 0.998 7.290
//-coll_115
COOBB Y 37.92785000 -52.71425000 3.21374200 49.98296000 -52.71425000 0.17539530 38.18704000 -52.71425000 4.24213100 18.25410000
//coll_riv_30
COOBB N 94.89124000 -64.06670000 100.75770000 94.93243000 -64.06670000 99.41628000 108.44160000 -64.06670000 101.17370000 15.00000000
//coll_tree_026
COAACYLINDER N 85.279 -53.827 62.064 1.629 31.240
//coll_riv_42
COOBB N 160.65300000 -61.79860000 166.34500000 160.67360000 -61.79860000 167.68690000 153.63640000 -61.79860000 166.45320000 15.00000000
//coll_fence_06
COOBB N -44.27219000 -41.78616000 -40.71199000 -43.64058000 -41.78616000 -40.98485000 -41.89462000 -41.78616000 -35.20835000 6.28051000
//coll_fence_083
COOBB N 3.76088000 -54.44915000 -16.61845000 4.48109000 -54.44915000 -16.99926000 7.74009400 -54.44915000 -9.09273500 16.26650000
//coll_riv_19
COOBB N -11.45481000 -60.45000000 -22.75304000 -10.17152000 -60.45000000 -23.14579000 -5.24847900 -60.45000000 -2.47421000 15.00000000
//-coll_111
COOBB Y 222.69920000 -49.90920000 168.41610000 205.52430000 -49.90920000 191.36090000 221.89370000 -49.90920000 167.81320000 32.34320000
//coll_fence_047
COOBB N 51.08332000 -41.78616000 -16.92680000 51.16304000 -41.78616000 -17.73758000 54.66137000 -41.78616000 -16.57502000 6.28051000
//coll_riv_07
COOBB N 1.42248800 -60.45000000 -94.14780000 2.69961900 -60.45000000 -93.73547000 -8.39961800 -60.45000000 -63.72453000 15.00000000
//coll_prop_066
COAACYLINDER N 51.788 -53.827 -89.215 0.907 31.240
//coll_prop_056
COAACYLINDER N 50.179 -53.827 31.726 0.453 31.240
//coll_tree_009
COAACYLINDER N 113.368 -49.960 63.514 1.323 9.666
//coll_fence_036
COOBB N -7.04248000 -56.09565000 36.48834000 -7.57782300 -56.09565000 36.54210000 -8.03097900 -56.09565000 26.64570000 6.28051000
//coll_prop_085
COAACYLINDER N -49.581 -53.827 -42.223 1.204 31.240
//coll_riv_43
COOBB N 154.15110000 -62.05460000 166.44510000 153.74560000 -62.05460000 167.72440000 145.72240000 -62.05460000 163.77360000 15.00000000
//-coll_100
COOBB Y 133.96160000 -48.68520000 204.64310000 150.49330000 -48.68520000 207.55810000 133.74670000 -48.68520000 205.86190000 27.35040000
//coll_fence_039
COOBB N 2.02245100 -56.09565000 -110.20260000 1.48813600 -56.09565000 -110.26570000 3.18412000 -56.09565000 -120.02630000 6.28051000
//coll_prop_041
COAACYLINDER N 104.723 -56.374 160.242 0.674 31.240
//coll_fence_094
COOBB N -54.74307000 -41.78616000 -53.13509000 -54.24725000 -41.78616000 -54.20371000 -47.83635000 -41.78616000 -49.93049000 6.28051000
//coll_prop_029
COAACYLINDER N 44.533 -53.827 130.232 1.224 31.240
//-coll_61
COOBB Y 71.70449000 -55.45235000 182.04300000 61.99609000 -55.45235000 203.90280000 69.21910000 -55.45235000 180.93920000 14.97370000
//coll_fence_045
COOBB N 39.95905000 -41.78616000 -14.99355000 39.76251000 -41.78616000 -15.78418000 45.67889000 -41.78616000 -16.41542000 6.28051000
//coll_tree_009
COAACYLINDER N 76.665 -53.726 151.146 0.568 4.151
//coll_riv_01
COOBB N -6.46178400 -60.45000000 17.52209000 -5.12572300 -60.45000000 17.39556000 -1.47427700 -60.45000000 70.18444000 15.00000000
//coll_tree_009
COAACYLINDER N 217.277 -49.287 170.037 1.039 7.592
//coll_fence_080
COOBB N 37.50302000 -55.82590000 -46.12833000 37.83321000 -55.82590000 -45.38356000 27.27559000 -55.82590000 -41.59404000 17.20860000
//coll_fence_033
COOBB N 39.72062000 -56.10025000 116.79850000 39.63819000 -56.10025000 117.03450000 30.92181000 -56.10025000 113.72550000 6.28051000
//coll_rock_78
COAACYLINDER N -32.687 -46.967 9.845 1.880 6.466
//coll_fence_088
COOBB N 57.09968000 -55.60945000 -89.96346000 57.90966000 -55.60945000 -90.05087000 58.75894000 -55.60945000 -74.58773000 18.27630000
//coll_rock_092
COAACYLINDER N -29.450 -49.177 -91.580 1.909 7.854
//coll_prop_078
COAACYLINDER N -9.326 -55.069 -92.612 1.054 31.240
//-coll_136
COOBB Y -30.44599000 -54.09620000 40.95248000 -33.21241000 -54.09620000 79.01588000 -40.39899000 -54.09620000 40.22911000 20.36900000
//coll_tree_042
COAACYLINDER N 19.013 -53.827 -19.097 1.601 31.240
//collider
COAACYLINDER N 67.840 -53.554 165.450 0.450 2.680
//coll_tree_020
COAACYLINDER N 63.599 -53.827 70.179 1.629 31.240
//coll_riv_41
COOBB N 173.64720000 -61.31830000 163.07960000 173.97520000 -61.31830000 164.38100000 160.26280000 -61.31830000 166.45300000 15.00000000
//coll_prop_040
COAACYLINDER N 100.377 -53.827 161.984 0.674 31.240
//coll_prop_060
COAACYLINDER N 31.501 -53.827 19.222 0.773 31.240
//-coll_tent_013
COAACYLINDER Y 59.426 -53.409 137.072 2.471 5.222
//-coll_159
COOBB Y -40.62288000 -55.55200000 -59.39090000 -37.51468000 -55.55200000 -54.10648000 -44.34993000 -55.55200000 -57.19872000 20.36900000
//coll_prop_050
COAACYLINDER N 160.854 -58.829 107.864 0.703 31.240
//coll_prop_064
COAACYLINDER N 25.192 -56.866 -73.910 1.204 31.240
//coll_rock_54
COAACYLINDER N -43.960 -52.457 144.021 5.959 9.654
//coll_tree_009
COAACYLINDER N 190.383 -55.125 118.396 1.469 10.728
//coll_rock_39
COAACYLINDER N -27.592 -43.732 -122.788 3.182 13.092
//coll_riv_35
COOBB N 168.37790000 -61.89800000 122.36110000 169.43610000 -61.89800000 121.53570000 178.25590000 -61.89800000 135.02430000 15.00000000
//-coll_113
COOBB Y 220.93090000 -49.90920000 129.49710000 228.62530000 -49.90920000 140.73440000 220.10070000 -49.90920000 130.06560000 32.34320000
//-coll_ruin_022
COOBB Y 67.16072000 -53.75256000 61.48870000 65.17495000 -53.75256000 60.70388000 70.64965000 -53.75256000 52.66093000 6.90831000
//coll_rock_098
COOBB N 44.92372000 -52.78373000 7.42039400 47.29035000 -52.78373000 8.51071800 43.62965000 -52.78373000 10.22928000 4.96745300
//coll_tree_009
COAACYLINDER N 51.534 -53.651 -128.838 0.804 5.875
//coll_riv_08
COOBB N 4.82459200 -60.45000000 -114.68220000 6.15098500 -60.45000000 -114.47780000 2.40901500 -60.45000000 -99.00215000 15.00000000
//coll_riv_44
COOBB N 146.30870000 -61.83660000 164.03110000 145.57920000 -61.83660000 165.15750000 100.00480000 -61.83660000 134.04250000 15.00000000
//-coll_122
COOBB Y 53.33624000 -55.45235000 169.22830000 54.16404000 -55.45235000 177.02250000 50.63196000 -55.45235000 169.51550000 14.97370000
//-coll_144
COOBB Y 187.94060000 -53.15180000 90.00359000 198.64560000 -53.15180000 103.94990000 187.14240000 -53.15180000 90.61625000 32.34320000
//coll_bridge_03
COOBB N 9.14392100 -58.43700000 114.96090000 9.64677000 -58.43700000 113.02510000 19.30663000 -58.43700000 117.60090000 10.00000000
//coll_riv_22
COOBB N 3.57757800 -60.45000000 29.11418000 4.91718600 -60.45000000 29.19493000 2.94281300 -60.45000000 39.64507000 15.00000000
//-coll_rock_80
COOBB Y 54.79139000 -40.63110000 -29.60967000 51.97386000 -40.63110000 -28.52247000 54.18254000 -40.63110000 -31.18752000 12.15240000
//coll_fence_049
COOBB N 25.09027000 -41.78616000 -11.43965000 24.05327000 -41.78616000 -11.15752000 23.45012000 -41.78616000 -17.46808000 6.28051000
//-coll_tent_020
COAACYLINDER Y 24.158 -53.591 -110.081 2.471 5.222
//coll_rock_68
COAACYLINDER N 49.104 -56.274 -138.320 3.677 7.398
//coll_rock_59
COAACYLINDER N 49.125 -54.977 3.374 3.578 20.862
//coll_riv_18
COOBB N -11.55314000 -60.45000000 -31.39984000 -10.21140000 -60.45000000 -31.42821000 -11.36860000 -60.45000000 -22.67179000 15.00000000
//coll_tree_009
COAACYLINDER N 95.896 -53.965 159.907 0.985 7.194
//coll_tree_031
COAACYLINDER N -60.500 -53.827 -84.260 1.205 31.240
//-coll_117
COOBB Y 44.71155000 -52.71425000 -1.73587100 42.42464000 -52.71425000 -10.26952000 45.73595000 -52.71425000 -2.01039800 18.25410000
//coll_fence_031
COOBB N 30.90499000 -56.10025000 113.64360000 30.95817000 -56.10025000 113.83640000 25.90183000 -56.10025000 115.02360000 6.28051000
//coll_rock_091
COAACYLINDER N -27.230 -50.437 -89.570 2.278 9.374
//coll_prop_083
COAACYLINDER N -38.757 -53.827 -116.390 1.435 31.240
//-coll_155
COOBB Y 52.19652000 -52.22990000 2.48590600 61.18275000 -52.22990000 25.76230000 51.25785000 -52.22990000 2.84829600 32.34320000
//-coll_139
COOBB Y 88.99847000 -55.45235000 176.46680000 82.02818000 -55.45235000 174.68380000 89.67243000 -55.45235000 173.83220000 14.97370000
//-coll_158
COOBB Y -46.35388000 -55.55200000 -61.16672000 -40.10069000 -55.55200000 -58.86357000 -47.84831000 -55.55200000 -57.10923000 20.36900000
//coll_fence_074
COOBB N 55.61100000 -55.60945000 -61.18883000 56.29288000 -55.60945000 -60.74300000 47.14793000 -55.60945000 -48.24500000 18.27630000
//coll_tree_025
COAACYLINDER N 56.952 -53.827 55.949 1.629 31.240
//-coll_105
COOBB Y 156.37410000 -48.83870000 209.73690000 170.84680000 -48.83870000 210.86230000 156.29320000 -48.83870000 210.77770000 22.43740000
//coll_fence_057
COOBB N 16.89570000 -41.78616000 -15.68126000 15.95200000 -41.78616000 -15.16708000 15.87940000 -41.78616000 -17.54653000 6.28051000
//coll_torch_014
COOBB N 36.18359000 -53.05001000 59.24792000 36.63480000 -53.05001000 59.24203000 36.19100000 -53.05001000 59.81537000 2.28121900
//coll_fence_061
COOBB N 15.99609000 -41.78616000 -23.17902000 15.02850000 -41.78616000 -23.64671000 16.92050000 -41.78616000 -25.09150000 6.28051000
//coll_fence_065
COOBB N 24.65047000 -41.78616000 -31.57129000 24.31724000 -41.78616000 -32.31471000 32.71796000 -41.78616000 -35.18749000 6.28051000
//coll_tree_020
COAACYLINDER N 46.413 -55.247 47.980 0.569 10.915
//coll_rock_104
COAACYLINDER N -39.907 -42.385 56.388 3.430 7.281
//coll_prop_034
COAACYLINDER N 96.045 -58.704 135.335 1.034 31.240
//coll_riv_59
COOBB N -1.52214800 -60.45000000 70.01771000 -0.32821940 -60.45000000 69.40484000 10.48822000 -60.45000000 93.41517000 15.00000000
//coll_riv_33
COOBB N 148.75710000 -62.14240000 109.64770000 149.38730000 -62.14240000 108.46280000 159.41870000 -62.14240000 115.31720000 15.00000000
//-coll_120
COOBB Y 45.15755000 -55.45235000 157.70510000 51.34129000 -55.45235000 162.52140000 43.48651000 -55.45235000 159.85060000 14.97370000
//coll_riv_14
COOBB N 8.62872300 -60.45000000 -92.33060000 9.91236600 -60.45000000 -91.93902000 4.14763500 -60.45000000 -77.64098000 15.00000000
//-coll_49
COOBB Y -68.65270000 -37.70655000 -88.33390000 -45.37724000 -37.70655000 -95.53681000 -67.84874000 -37.70655000 -85.73598000 14.97370000
//coll_riv_02
COOBB N -12.03981000 -60.45000000 -1.96517500 -10.74780000 -60.45000000 -2.32820000 -6.33219700 -60.45000000 18.34820000 15.00000000
//-coll_141
COOBB Y 120.44230000 -47.18520000 199.96660000 136.35240000 -47.18520000 205.32050000 120.04760000 -47.18520000 201.13950000 27.35040000
//-coll_146
COOBB Y 159.00730000 -54.03510000 72.91973000 175.45430000 -54.03510000 79.13218000 158.65170000 -54.03510000 73.86102000 32.34320000
//coll_fence_091
COOBB N 58.93594000 -55.60945000 -132.14020000 59.73801000 -55.60945000 -132.28310000 61.21379000 -55.60945000 -119.35090000 18.27630000
//coll_rock_103
COAACYLINDER N -40.499 -42.385 50.799 3.430 7.281
//-coll_36
COOBB Y -66.63133000 -55.55200000 -62.55670000 -45.43903000 -55.55200000 -60.99861000 -66.94837000 -55.55200000 -58.24438000 20.36900000
//coll_riv_25
COOBB N 11.69123000 -61.76000000 76.18192000 12.10897000 -61.76000000 74.90654000 14.29103000 -61.76000000 77.03346000 15.00000000
//coll_prop_032
COAACYLINDER N 64.745 -53.827 158.225 0.704 31.240
//coll_fence_15
COOBB N 19.21212000 -56.10025000 123.35500000 19.48163000 -56.10025000 123.46210000 15.77836000 -56.10025000 131.99790000 6.28051000
//-coll_08
COOBB Y 21.75103000 -55.45235000 150.73350000 34.18033000 -55.45235000 153.04280000 21.25427000 -55.45235000 153.40720000 14.97370000
//coll_prop_049
COAACYLINDER N 166.554 -53.827 118.800 0.703 31.240
//coll_prop_035
COAACYLINDER N 100.423 -58.704 137.487 0.703 31.240
//-coll_tent_014
COAACYLINDER Y 72.573 -54.618 137.057 2.471 5.222
//coll_riv_38
COOBB N 181.47020000 -61.50890000 149.66090000 182.77600000 -61.50890000 149.97080000 180.25200000 -61.50890000 154.79320000 15.00000000
//coll_tree_009
COAACYLINDER N 28.419 -55.112 140.960 1.219 8.904
//coll_riv_49
COOBB N 24.77917000 -62.22500000 111.16050000 25.60424000 -62.22500000 112.21900000 18.36156000 -62.22500000 116.16300000 15.00000000
//coll_fence_073
COOBB N 47.76039000 -55.81620000 -48.91312000 47.97672000 -55.81620000 -48.12768000 36.97449000 -55.81620000 -45.94252000 17.20860000
//coll_stone_005
COOBB N 54.79794000 -54.32500000 133.12640000 54.76776000 -54.32500000 132.12350000 55.79224000 -54.32500000 133.09650000 5.08999600
//coll_fence_052
COOBB N 22.58650000 -41.78616000 -16.58812000 22.53285000 -41.78616000 -16.76046000 28.55175000 -41.78616000 -18.44494000 6.28051000
//coll_campfire_005
COOBB N 35.34017000 -55.43607000 -54.54400000 37.00910000 -55.43607000 -56.55055000 36.67611000 -55.43607000 -53.43285000 2.67694100
//coll_fence_096
COOBB N -46.21626000 -50.64305000 77.37518000 -46.06824000 -50.64305000 76.70325000 -43.07436000 -50.64305000 78.06734000 6.28051000
//coll_prop_077
COAACYLINDER N -4.477 -55.312 -92.404 0.814 31.240
//-coll_126
COOBB Y -62.23608000 -50.69675000 118.74110000 -63.91985000 -50.69675000 47.40377000 -60.00375000 -50.69675000 118.68840000 18.41770000
//-coll_102
COOBB Y 149.41930000 -49.25660000 207.55590000 152.39590000 -49.25660000 204.57930000 150.12410000 -49.25660000 208.26070000 14.75320000
//coll_fence_03
COOBB N -29.42311000 -39.01876000 -122.97090000 -28.78203000 -39.01876000 -122.72110000 -31.59997000 -39.01876000 -117.38490000 6.28051000
//coll_prop_059
COAACYLINDER N 46.342 -53.827 21.524 0.603 31.240
//-coll_149
COOBB Y 109.77420000 -51.40230000 61.55490000 126.61810000 -51.40230000 66.59290000 109.48590000 -51.40230000 62.51890000 32.34320000
//coll_prop_055
COAACYLINDER N 50.533 -53.827 44.231 1.224 31.240
//-coll_135
COOBB Y -31.37838000 -54.09620000 26.86897000 -30.18654000 -54.09620000 42.47723000 -41.32866000 -54.09620000 27.62877000 20.36900000
//coll_tree_009
COAACYLINDER N -17.118 -52.770 56.701 1.150 8.400
//coll_rock_43
COAACYLINDER N -54.273 -43.732 -91.871 3.182 13.092
//coll_tree_009
COAACYLINDER N 16.492 -52.775 40.798 1.150 8.400
//coll_riv_20
COOBB N -5.25922100 -60.45000000 -2.47649100 -4.02067800 -60.45000000 -2.99329100 -2.35932300 -60.45000000 4.47329100 15.00000000
//-coll_112
COOBB Y 228.65770000 -49.90920000 140.46400000 222.23200000 -49.90920000 169.06060000 227.67600000 -49.90920000 140.24340000 32.34320000
//coll_tent_014
COOBB N 24.18526000 -54.81976000 -61.38797000 21.09160000 -54.81976000 -59.97831000 21.79881000 -54.81976000 -66.62529000 3.97852300
//coll_riv_26
COOBB N 20.67656000 -62.12000000 86.16534000 21.62670000 -62.12000000 85.21754000 28.93330000 -62.12000000 94.44246000 15.00000000
//coll_fence_050
COOBB N 21.26017000 -41.78616000 -23.97285000 20.22318000 -41.78616000 -23.69072000 19.62002000 -41.78616000 -30.00128000 6.28051000
//-coll_29
COOBB Y -15.10251000 -57.04615000 -123.52060000 -9.88476500 -57.04615000 -138.47230000 -14.06263000 -57.04615000 -123.15770000 14.97370000
//-coll_tent_015
COOBB Y 37.76362000 -53.61036000 122.84400000 40.83297000 -53.61036000 124.30580000 35.28883000 -53.61036000 128.04010000 3.97852300
//coll_prop_053
COAACYLINDER N 63.239 -53.827 60.210 0.814 31.240
//coll_tree_028
COAACYLINDER N 13.526 -56.878 -45.304 1.205 31.240
//coll_riv_26
COOBB N 29.06694000 -62.12000000 94.58472000 29.76194000 -62.12000000 93.43665000 37.25806000 -62.12000000 99.54334000 15.00000000
//-coll_tent_06
COAACYLINDER Y 30.610 -53.591 -119.931 5.200 5.222
//-coll_44
COOBB Y -67.18247000 -42.16945000 -38.81628000 -68.33178000 -42.16945000 -61.77293000 -64.46641000 -42.16945000 -38.95226000 14.97370000
//-coll_05
COOBB Y -44.09007000 -51.68165000 142.52050000 -21.24321000 -51.68165000 145.04040000 -44.38820000 -51.68165000 145.22360000 14.97370000
//coll_riv_31
COOBB N 108.06260000 -62.79170000 101.05700000 108.46050000 -62.79170000 99.77534000 123.46950000 -62.79170000 105.84070000 15.00000000
//-coll_ruin_020
COOBB Y 191.58040000 -53.75256000 116.17360000 190.55400000 -53.75256000 114.30130000 199.90400000 -53.75256000 111.61070000 6.90831000
//-coll_41
COOBB Y -65.26469000 -44.25025000 -54.42907000 -56.51091000 -44.25025000 -33.17583000 -71.14191000 -44.25025000 -52.00836000 17.36950000
//-coll_133
COOBB Y -29.11649000 -51.93120000 1.43520200 -30.39311000 -51.93120000 17.03676000 -39.06249000 -51.93120000 0.62135220 20.36900000
//-coll_tent_018
COAACYLINDER Y 31.360 -55.316 -87.771 2.471 5.222
//-coll_103
COOBB Y 152.57120000 -49.59010000 204.60540000 156.51750000 -49.59010000 205.75600000 152.26250000 -49.59010000 205.66410000 14.22020000
//-coll_rock_084
COOBB Y 55.96109000 -40.63110000 -24.49464000 59.78886000 -40.63110000 -14.78715000 54.38773000 -40.63110000 -23.87425000 12.15240000
//coll_prop_076
COAACYLINDER N -1.680 -55.324 -101.057 0.814 31.240
//coll_tree_030
COAACYLINDER N 47.802 -56.272 -84.745 1.205 31.240
//-coll_150
COOBB Y 93.74584000 -51.75720000 56.18320000 110.45340000 -51.75720000 61.65640000 93.43260000 -51.75720000 57.13940000 32.34320000
//coll_fence_082
COOBB N 4.37653700 -54.44915000 -24.23904000 5.18883100 -54.44915000 -24.17662000 3.74937100 -54.44915000 -16.07758000 16.26650000
//-coll_06
COOBB Y -22.50958000 -54.43505000 144.85610000 2.39351600 -54.43505000 147.60280000 -22.80771000 -54.43505000 147.55920000 14.97370000
//-coll_tent_03
COOBB Y 37.85627000 -52.60606000 142.50540000 40.02728000 -52.60606000 139.88920000 42.28532000 -52.60606000 146.18080000 3.97852300
//coll_rock_099
COAACYLINDER N 41.032 -55.223 -137.138 2.204 4.550
//coll_fence_084
COOBB N 7.50739000 -54.44915000 -9.34702900 8.04109700 -54.44915000 -9.96255900 18.44410000 -54.44915000 0.13587520 16.26650000
//coll_tree_009
COAACYLINDER N 110.299 -54.407 163.047 0.845 6.171
//coll_fence_058
COOBB N 15.94479000 -41.78616000 -17.32281000 14.89880000 -41.78616000 -17.07613000 15.45721000 -41.78616000 -19.39027000 6.28051000
//collider
COAACYLINDER N -54.360 -50.766 -64.920 0.450 2.680
//-coll_tower001
COOBB Y -61.52615000 -40.61500000 -45.65202000 -56.05614000 -40.61500000 -50.10366000 -57.31046000 -40.61500000 -40.47194000 14.00540000
//coll_riv_20
COOBB N -0.45788280 -60.45000000 11.46061000 0.84113440 -60.45000000 11.12352000 2.89886600 -60.45000000 24.39648000 15.00000000
//coll_fence_086
COOBB N 33.03545000 -54.44915000 -1.50865400 33.31101000 -54.44915000 -2.27532800 37.35099000 -54.44915000 0.04242516 16.26650000
//coll_prop_082
COAACYLINDER N -37.904 -53.827 -110.253 0.814 31.240
//coll_prop_031
COAACYLINDER N 64.903 -53.827 153.228 0.704 31.240
//coll_fence_092
COOBB N 56.44318000 -55.60945000 -136.18470000 57.14868000 -55.60945000 -136.59210000 59.17171000 -55.60945000 -131.45990000 18.27630000
//coll_riv_06
COOBB N -8.29010600 -60.45000000 -64.09843000 -7.04692800 -60.45000000 -63.59289000 -14.79307000 -60.45000000 -48.10711000 15.00000000
//-coll_rock_082
COOBB Y 55.66182000 -40.63110000 -30.42496000 57.52293000 -40.63110000 -25.70503000 54.08846000 -40.63110000 -29.80456000 12.15240000
//coll_fence_067
COOBB N 40.57547000 -41.78616000 -37.59675000 40.38618000 -41.78616000 -38.38914000 49.17442000 -41.78616000 -39.65086000 6.28051000
//coll_rock_33
COAACYLINDER N 175.589 -44.047 214.428 5.932 20.695
//-coll_125
COOBB Y -65.82632000 -51.62885000 128.04510000 -61.87637000 -51.62885000 117.82960000 -63.74363000 -51.62885000 128.85040000 18.41770000
//-coll_128
COOBB Y -56.92711000 -48.44395000 34.37413000 -57.69337000 -48.44395000 25.38575000 -54.70223000 -48.44395000 34.18446000 18.41770000
//coll_riv_54
COOBB N 2.54856400 -60.45000000 143.32730000 3.84273400 -60.45000000 143.68260000 0.93726620 -60.45000000 149.19740000 15.00000000
//-coll_140
COOBB Y 120.40500000 -55.45235000 192.29430000 88.08830000 -55.45235000 176.25990000 121.61370000 -55.45235000 189.85820000 14.97370000
//coll_riv_34
COOBB N 159.10690000 -61.80950000 115.16050000 159.93180000 -61.80950000 114.10180000 168.63220000 -61.80950000 122.58220000 15.00000000
//coll_fence_085
COOBB N 18.24781000 -54.44915000 0.07965463 18.23284000 -54.44915000 -0.73489740 32.72077000 -54.44915000 -0.18639010 16.26650000
//coll_rock_095
COAACYLINDER N -59.151 -42.385 51.142 3.430 7.281
//coll_fence_043
COOBB N 15.79964000 -56.10025000 131.82230000 16.05915000 -56.10025000 131.74770000 17.22084000 -56.10025000 136.77230000 6.28051000
//coll_riv_36
COOBB N 177.98340000 -61.72180000 134.64760000 179.25890000 -61.72180000 134.23040000 181.08110000 -61.72180000 144.11760000 15.00000000
//coll_prop_057
COAACYLINDER N 49.695 -53.827 30.806 0.453 31.240
//coll_fence_046
COOBB N 45.47128000 -41.78616000 -16.44501000 45.40037000 -41.78616000 -17.25661000 51.34283000 -41.78616000 -16.95799000 6.28051000
//coll_prop_065
COAACYLINDER N 46.689 -55.187 -111.932 1.204 31.240
//-coll_rock_083
COOBB Y 49.57409000 -40.63110000 -40.44114000 53.40187000 -40.63110000 -30.73365000 48.00074000 -40.63110000 -39.82074000 12.15240000
//coll_stat_03
COOBB N -43.27029000 -37.88865000 -106.34570000 -43.21565000 -37.88865000 -109.35520000 -37.71355000 -37.88865000 -106.24480000 3.69748700
//coll_riv_15
COOBB N 4.34607000 -60.45000000 -78.22897000 5.63916900 -60.45000000 -77.86985000 -1.01916900 -60.45000000 -58.91015000 15.00000000
//-coll_118
COOBB Y 43.87880000 -52.71425000 -9.78271100 30.96031000 -52.71425000 -6.43141800 43.61249000 -52.71425000 -10.80928000 18.25410000
//-coll_160
COOBB Y -32.09326000 -54.09620000 -13.38478000 -28.90982000 -54.09620000 1.94180300 -33.77358000 -54.09620000 -13.03577000 20.36900000
//coll_tree_021
COAACYLINDER N 24.712 -53.827 61.706 1.629 31.240
//-coll_123
COOBB Y 54.11630000 -55.45235000 176.79580000 53.09814000 -55.45235000 184.56740000 51.41986000 -55.45235000 176.44260000 14.97370000
//coll_riv_062
COOBB N 10.20660000 -60.45300000 130.52600000 11.52477000 -60.45300000 130.77800000 9.22203700 -60.45300000 135.67600000 15.00000000
//coll_riv_40
COOBB N 178.81470000 -60.79760000 158.87620000 179.64760000 -60.79760000 159.92850000 173.14830000 -60.79760000 163.36150000 15.00000000
//coll_prop_044
COAACYLINDER N 189.592 -53.827 108.348 0.703 31.240
//coll_rock_089
COAACYLINDER N 166.713 -54.802 195.284 2.005 6.136
//-coll_tent_01
COAACYLINDER Y 35.598 -52.780 36.959 2.471 5.222
//-coll_32
COOBB Y -68.72141000 -54.67025000 -68.58427000 -70.89774000 -54.67025000 -92.15893000 -66.01346000 -54.67025000 -68.83427000 25.90450000
//coll_fence_042
COOBB N -6.09025800 -54.97026000 -31.77909000 -5.84151600 -54.97026000 -31.88411000 -3.75848400 -54.97026000 -26.25589000 6.28051000
//coll_riv_25
COOBB N 13.56241000 -61.76000000 76.45515000 14.64266000 -61.76000000 75.65883000 20.71733000 -61.76000000 86.16118000 15.00000000
//-coll_rock_058
COAACYLINDER Y 5.910 -54.977 2.572 2.354 5.918
//coll_prop_072
COAACYLINDER N 4.236 -55.663 -135.626 0.767 31.240
//coll_fence_066
COOBB N 32.42611000 -41.78616000 -35.13181000 32.19183000 -41.78616000 -35.91209000 40.89357000 -41.78616000 -37.67411000 6.28051000
//coll_prop_045
COAACYLINDER N 185.952 -53.827 105.636 0.703 31.240
//Box005
COOBB N -35.08493000 -49.13815000 -46.41788000 -33.88572000 -49.13815000 -46.58622000 -33.16629000 -49.13815000 -32.74958000 8.52789300
//coll_rock_60
COOBB N 47.51788000 -54.13980000 0.75307460 48.42606000 -54.13980000 4.26834400 38.79314000 -54.13980000 3.00715400 19.89860000
//coll_riv_58
COOBB N 10.36456000 -60.45000000 92.88930000 11.68911000 -60.45000000 92.67333000 12.31089000 -60.45000000 104.82670000 15.00000000
//-coll_tent_021
COOBB Y 56.00605000 -54.44500000 -115.90580000 53.66109000 -54.44500000 -113.44430000 51.83891000 -54.44500000 -119.87570000 5.57000000
//-coll_tent_019
COAACYLINDER Y 35.593 -54.109 -99.904 2.471 5.222
//coll_tree_009
COAACYLINDER N -14.371 -54.830 -124.545 0.923 6.742
//coll_rock_096
COAACYLINDER N -55.827 -46.813 71.752 2.005 5.920
//coll_riv_24
COOBB N 4.95587100 -60.45000000 62.36361000 6.24743300 -60.45000000 61.99900000 7.29256700 -60.45000000 70.64100000 15.00000000
//coll_prop_058
COAACYLINDER N 50.490 -53.827 32.829 0.453 31.240
//coll_fence_038
COOBB N -5.58127300 -56.10025000 -31.51060000 -6.04920100 -56.10025000 -31.61757000 -3.47079900 -56.10025000 -40.74243000 6.28051000
