COCOUNT 149
//-collider1
COOBB Y -105.68780000 -12.88110000 41.72193000 -105.71350000 -12.88110000 41.22260000 -101.38430000 -12.88110000 41.50034000 6.00375400
//Cylinder
COAACYLINDER N -55.960 -9.785 17.650 0.612 1.731
//coll_box_32
COOBB N -57.02338000 -10.67972000 41.57291000 -57.17450000 -10.67972000 36.71737000 -54.76550000 -10.67972000 41.50263000 3.47943300
//-collider30
COOBB Y -30.95811000 -0.71733470 -12.25168000 -31.37550000 -0.71733470 -12.52697000 -26.40239000 -0.71733470 -19.15903000 6.00126600
//collider50
COOBB N 26.10845000 -0.62616350 4.56797200 26.59522000 -0.62616350 4.68225000 24.90682000 -0.62616350 9.68633100 6.02408200
//-collider43
COOBB Y 18.94776000 -0.69690320 -17.28447000 19.23647000 -0.69690320 -17.69269000 20.79247000 -0.69690510 -15.97977000 6.00150700
//-coll_box_32
COOBB Y -59.53955000 -10.04113000 8.07004100 -59.81570000 -10.04113000 6.84403500 -58.94431000 -10.04113000 7.93596500 4.52225400
//Cylinder
COAACYLINDER N -64.676 -10.045 47.765 0.435 1.901
//-collider85
COOBB Y -60.26718000 -9.74807000 5.34377800 -59.79031000 -9.74807000 5.49407100 -60.61491000 -9.74807000 6.44713000 6.90947000
//-coll_box_32
COOBB Y -73.99113000 -10.23243000 41.88083000 -74.04206000 -10.23243000 40.24448000 -73.17794000 -10.23243000 41.85552000 5.45085100
//-collider94
COAABB Y -72.119 -10.041 52.569 -55.446 -4.041 53.139
//-collider13
COOBB Y -70.30318000 -10.26349000 7.84158300 -70.34268000 -10.26349000 7.34314500 -64.76305000 -10.26349000 7.40255200 6.30453900
//-collider38
COOBB Y 13.99998000 -0.69803430 -22.95183000 14.44007000 -0.69803430 -22.71451000 12.89222000 -0.69803620 -20.89752000 6.00019100
//-collider90
COOBB Y -57.15451000 -10.04186000 24.78269000 -57.13634000 -10.04186000 25.28236000 -59.79353000 -10.04186000 24.87862000 6.00026300
//Cylinder
COAACYLINDER N -89.800 -12.564 39.580 0.570 2.347
//-collider78
COOBB Y -51.51476000 -3.34326600 3.87298700 -52.00094000 -3.34326600 3.98969700 -51.66590000 -3.34326400 3.24334500 6.01877600
//-collider23
COOBB Y -43.62958000 -1.61186200 -4.54059400 -43.89853000 -1.61186200 -4.96209900 -41.64800000 -1.61186200 -5.80497200 6.89339800
//coll_box_87
COOBB N -71.07611000 -10.34469000 16.43324000 -71.08681000 -10.34469000 16.13477000 -65.83319000 -10.34469000 16.24523000 2.22937400
//-collider67
COOBB Y -31.87260000 -0.48108860 11.08876000 -32.28524000 -0.48108860 10.80639000 -30.48475000 -0.48109050 9.06061600 6.10616300
//-collider45
COOBB Y 21.43711000 -0.69239230 -12.94627000 21.84708000 -0.69239230 -13.23250000 23.39869000 -0.69239040 -10.13668000 6.00602300
//-collider58
COOBB Y 14.18916000 -0.77722170 24.17830000 14.67904000 -0.77722170 24.27837000 13.50391000 -0.77722170 27.53289000 6.08382400
//collider48
COOBB N 26.25522000 -0.66228490 -4.92213800 26.74380000 -0.66228490 -5.02838400 27.39787000 -0.66228680 0.33248570 6.01204300
//-collider34
COAABB Y -13.513 -0.698 -31.382 -5.347 5.302 -30.812
//Cylinder
COAACYLINDER N -89.800 -12.565 49.770 0.570 2.349
//-collider68
COOBB Y -30.48474000 -0.44308660 9.06061700 -30.96470000 -0.44308660 9.20074700 -31.33476000 -0.44308850 6.14919800 6.06816100
//-collider3
COAABB Y -99.397 -12.870 39.025 -79.576 -6.855 39.690
//-collider99
COOBB Y -75.77847000 -12.72569000 49.70313000 -75.77408000 -12.72569000 50.20311000 -79.49890000 -12.72569000 49.73580000 8.68435700
//-coll_box_32
COOBB Y -56.17570000 -10.05657000 52.18143000 -58.79477000 -10.05657000 52.21210000 -56.18523000 -10.05657000 51.36790000 4.23313400
//-collider52
COOBB Y 22.52164000 -0.62418370 10.35300000 22.94639000 -0.62418370 10.61680000 20.42411000 -0.62418370 13.73029000 6.11843100
//-collider57
COOBB Y 12.72391000 -0.86104580 21.00668000 13.17781000 -0.86104580 20.79698000 14.18915000 -0.86104580 24.17830000 6.08382400
//-collider101
COOBB Y -99.61369000 -12.76667000 49.52162000 -99.88746000 -12.76667000 49.94001000 -101.52990000 -12.76667000 48.26777000 6.01366400
//-coll_box_32
COOBB Y -55.88740000 -10.11339000 47.72832000 -55.90580000 -10.11339000 47.13698000 -55.07420000 -10.11339000 47.70301000 5.64678000
//collider47
COOBB N 24.96004000 -0.67432980 -7.93182800 25.41932000 -0.67432980 -8.12947000 26.25521000 -0.67432790 -4.92213600 6.01204300
//-collider29
COOBB Y -29.96901000 -0.71796800 -8.79800800 -30.44969000 -0.71796800 -8.66034700 -30.95811000 -0.71796800 -12.25169000 6.00063300
//coll_box_32
COOBB N -66.07236000 -10.04113000 16.21002000 -66.05761000 -10.04113000 15.61487000 -65.46239000 -10.04113000 16.22514000 4.52225400
//-collider5
COOBB Y -75.59834000 -10.48950000 39.53737000 -75.29237000 -10.48950000 39.14192000 -73.71863000 -10.48950000 40.99177000 6.00237700
//-collider54
COOBB Y 18.43657000 -0.68339730 19.95245000 18.68363000 -0.68339730 20.38715000 17.06317000 -0.68339920 20.73300000 6.02961000
//-collider76
COOBB Y -47.40026000 -3.44176300 3.24081900 -47.11248000 -3.44176300 3.64969600 -48.18360000 -3.44176500 3.79216500 6.13891600
//-collider12
COOBB Y -70.56365000 -10.30156000 16.74775000 -71.06344000 -10.30156000 16.73313000 -70.30318000 -10.30156000 7.84157800 6.03806700
//-collider77
COOBB Y -48.18361000 -3.44176300 3.79216700 -48.17147000 -3.44176300 4.29202000 -51.51476000 -3.44176500 3.87299600 6.09850300
//-collider98
COOBB Y -73.70877000 -10.04134000 48.49183000 -73.45622000 -10.04134000 48.92336000 -75.77847000 -10.04134000 49.70313000 6.00000000
//-collider14
COOBB Y -64.76305000 -9.95895000 7.40255200 -65.25797000 -9.95895000 7.33144100 -64.33018000 -9.95895000 4.38989100 6.60908100
//-collider16
COOBB Y -63.26852000 -8.56261100 2.09425700 -63.71741000 -8.56261100 1.87404500 -61.51629000 -8.56261100 -1.47759500 6.78895200
//-collider59
COOBB Y 13.50391000 -0.69339750 27.53289000 13.72375000 -0.69339750 27.98197000 4.76528100 -0.69339750 31.81070000 6.16764800
//coll_box_32
COOBB N -68.89173000 -10.47337000 18.50740000 -69.55074000 -10.47337000 17.33678000 -66.92326000 -10.47337000 17.39922000 2.60674900
//-collider18
COOBB Y -58.72339000 -6.38740200 -3.67854100 -58.97306000 -6.38740200 -4.11174400 -56.38013000 -6.38740200 -5.02904900 6.99871100
//-collider15
COOBB Y -64.33018000 -9.34986900 4.38989400 -64.78400000 -9.34986900 4.18001500 -63.26851000 -9.34986900 2.09425400 6.78725800
//-collider81
COOBB Y -53.04185000 -5.03309200 3.69896800 -53.12588000 -5.03309200 4.19185500 -55.19650000 -5.03309200 3.33161300 7.17483900
//Cylinder
COAACYLINDER N -56.640 -9.830 41.153 0.574 1.760
//-collider62
COOBB Y -12.14966000 -0.52503970 30.95810000 -12.40844000 -0.52503970 31.38592000 -23.14439000 -0.52503970 24.30762000 6.00141900
//coll_box_32
COOBB N -69.42842000 -10.29996000 34.37463000 -69.74705000 -10.29996000 33.50664000 -68.16096000 -10.29996000 33.90936000 2.53391600
//-collider21
COOBB Y -48.44143000 -3.11338000 -5.76431100 -48.01215000 -3.11338000 -6.02067900 -47.81298000 -3.11338000 -4.71200700 6.00750400
//-collider60
COOBB Y 4.76528400 -0.52574920 31.81070000 4.70632300 -0.52574920 32.30721000 -3.69219400 -0.52574920 30.80638000 6.00035500
//-collider84
COOBB Y -59.21416000 -8.83859800 4.18545400 -58.84419000 -8.83859800 4.52179000 -60.26718000 -8.83860000 5.34377400 7.14317300
//-collider100
COOBB Y -79.49890000 -12.75301000 49.73580000 -79.50423000 -12.75301000 50.23577000 -99.61368000 -12.75301000 49.52162000 6.02732100
//-collider89
COOBB Y -54.88490000 -10.04265000 23.56011000 -54.64778000 -10.04265000 24.00031000 -57.15451000 -10.04265000 24.78269000 6.00079000
//-collider22
COOBB Y -47.81298000 -3.10587700 -4.71200500 -47.79251000 -3.10587700 -5.21158600 -43.62958000 -3.10587700 -4.54059600 7.49401500
//collider46
COOBB N 23.39869000 -0.68636700 -10.13669000 23.80674000 -0.68636700 -10.42564000 24.96004000 -0.68636890 -7.93182700 6.01204300
//-coll_box_9
COAABB Y -59.499 -10.199 18.456 -54.101 -3.691 19.144
//Cylinder
COAACYLINDER N -97.190 -12.466 39.580 0.570 2.152
//-coll_box_32
COOBB Y -72.18140000 -10.05657000 47.95033000 -72.19980000 -10.05657000 47.35898000 -71.36819000 -10.05657000 47.92501000 4.23313400
//Cylinder
COAACYLINDER N -71.400 -9.931 48.870 0.570 1.822
//-coll_box_32
COOBB Y -56.09469000 -9.89870600 42.28223000 -56.11851000 -9.89870600 41.51708000 -55.28149000 -9.89870600 42.25692000 5.27541300
//-collider73
COOBB Y -36.28228000 -0.50911710 4.86266300 -36.35481000 -0.50911710 5.35737400 -42.77696000 -0.50911710 3.91046400 6.00212900
//-collider87
COOBB Y -60.72897000 -10.04317000 7.16536000 -60.65919000 -10.04317000 6.67025300 -54.98440000 -10.04317000 7.97494200 6.02818300
//-collider36
COOBB Y 2.81594900 -0.69822310 -31.98413000 2.98926600 -0.69822310 -32.45313000 12.69828000 -0.69822500 -28.33215000 6.00009500
//-collider63
COOBB Y -23.14439000 -0.52361870 24.30762000 -23.64436000 -0.52361870 24.30204000 -23.10501000 -0.52362060 20.77987000 6.00283800
//-collider74
COOBB Y -42.77696000 -0.51018140 3.91046500 -43.23177000 -0.51018140 4.11818700 -43.02255000 -0.51018140 3.37274200 6.00106400
//-collider2
COOBB Y -101.38430000 -12.87734000 41.50034000 -101.72060000 -12.87734000 41.13039000 -99.39301000 -12.87734000 39.68986000 6.00750700
//-collider91
COAABB Y -59.803 -10.042 24.879 -59.294 -4.041 32.998
//-coll_box_87
COAABB Y -60.846 -10.358 31.733 -59.834 -4.442 32.847
//Cylinder
COAACYLINDER N -70.021 -9.878 33.728 0.570 1.721
//-collider70
COOBB Y -33.09258000 -0.49420930 5.25073200 -33.58039000 -0.49420930 5.36047700 -33.29528000 -0.49420930 4.34975800 6.01704000
//-collider32
COOBB Y -23.61752000 -0.71353530 -20.19296000 -24.05058000 -0.71353530 -20.44289000 -20.71040000 -0.71353340 -25.23026000 6.00507400
//-collider8
COOBB Y -72.05982000 -10.47285000 42.40196000 -72.55976000 -10.47285000 42.39449000 -71.96200000 -10.47285000 35.85535000 6.01903200
//-collider96
COOBB Y -72.12494000 -10.04134000 47.08528000 -72.19415000 -10.04134000 47.58047000 -73.57196000 -10.04134000 46.88303000 6.00000400
//-collider82
COOBB Y -55.19650000 -6.82740400 3.33161400 -55.12962000 -6.82740400 3.82712200 -57.47612000 -6.82740600 3.63926900 7.79431500
//-collider72
COOBB Y -36.07514000 -0.50699040 4.16941100 -35.59607000 -0.50699040 4.31255700 -36.28228000 -0.50698850 4.86267100 6.00426100
//coll_box_32
COOBB N -62.28267000 -10.25944000 42.38580000 -62.29737000 -10.25944000 41.91350000 -61.66263000 -10.25944000 42.36650000 5.29887500
//-collider80
COOBB Y -52.78828000 -3.85825300 3.18677000 -52.34018000 -3.85825300 3.40860500 -53.04185000 -3.85825300 3.69897000 6.40407600
//-collider44
COOBB Y 20.79246000 -0.69540020 -15.97977000 21.28154000 -0.69540020 -16.08370000 21.43710000 -0.69540020 -12.94628000 6.00301000
//coll_box_32
COOBB N -71.27343000 -10.30310000 49.61623000 -69.01603000 -10.30310000 52.55817000 -72.58398000 -10.30310000 50.62183000 2.60619900
//-collider10
COAABB Y -71.213 -10.416 21.688 -70.700 -4.340 35.620
//-collider31
COOBB Y -26.40239000 -0.71607020 -19.15903000 -26.57641000 -0.71607020 -19.62776000 -23.61751000 -0.71606830 -20.19296000 6.00253700
//-collider55
COOBB Y 17.06318000 -0.74261470 20.73300000 16.70197000 -0.74261470 21.07873000 15.35774000 -0.74261470 18.95118000 6.05921600
//Cylinder
COAACYLINDER N -57.200 -9.671 17.950 0.496 1.502
//-coll_box_32
COOBB Y -70.69055000 -10.80473000 16.74061000 -70.65942000 -10.80473000 15.48428000 -70.08059000 -10.80473000 16.75572000 6.26946400
//-collider27
COOBB Y -33.35854000 -0.71836470 -5.46312300 -33.57036000 -0.71836470 -5.91603600 -32.03334000 -0.71836470 -6.08291500 6.00008000
//-collider42
COOBB Y 19.06406000 -0.69728280 -20.20326000 19.56367000 -0.69728280 -20.18335000 18.94776000 -0.69728090 -17.28447000 6.00037800
//-collider79
COOBB Y -51.66590000 -3.45417800 3.24335300 -51.69107000 -3.45417800 3.74271900 -52.78828000 -3.45417800 3.18677000 6.12968800
//collider49
COOBB N 27.39788000 -0.65024570 0.33248780 27.87621000 -0.65024570 0.47810670 26.10846000 -0.65024570 4.56797100 6.02408200
//-coll_box_32
COOBB Y -66.10926000 -10.04113000 8.04291700 -65.97753000 -10.04113000 6.79312600 -65.50246000 -10.04113000 8.10687400 4.52225400
//-collider65
COOBB Y -25.35295000 -0.51511380 19.08502000 -25.38158000 -0.51511380 19.58420000 -27.54734000 -0.51511380 18.95916000 6.01134100
//-collider41
COOBB Y 16.61716000 -0.69747160 -20.68579000 16.71390000 -0.69747160 -21.17635000 19.06407000 -0.69746970 -20.20326000 6.00019100
//-collider86
COOBB Y -60.61491000 -10.01499000 6.44712900 -60.12110000 -10.01499000 6.52554400 -60.72897000 -10.01499000 7.16535900 6.26691800
//-collider37
COOBB Y 12.69829000 -0.69813160 -28.33215000 13.18427000 -0.69813160 -28.44973000 13.99997000 -0.69813160 -22.95183000 6.00009500
//-collider20
COAABB Y -51.660 -3.203 -6.275 -48.440 2.887 -5.764
//-collider24
COOBB Y -41.64800000 -0.71846200 -5.80497100 -41.66553000 -0.71846200 -6.30466300 -36.00142000 -0.71846390 -6.00310700 6.00002300
//-collider7
COOBB Y -73.62589000 -10.48237000 42.38720000 -73.62119000 -10.48237000 41.88722000 -72.05983000 -10.48237000 42.40196000 6.00951400
//-collider64
COOBB Y -23.10501000 -0.52078250 20.77986000 -23.40602000 -0.52078250 21.17910000 -25.35295000 -0.52078440 19.08502000 6.00567200
//-collider102
COOBB Y -101.52990000 -12.77350000 48.26776000 -101.54650000 -12.77350000 48.76749000 -106.09490000 -12.77350000 48.11591000 6.00682800
//-coll_box_32
COAABB Y -71.188 -10.135 21.234 -70.502 -3.865 32.286
//coll_box_32
COOBB N -64.28191000 -10.25944000 47.67200000 -64.29662000 -10.25944000 47.19970000 -63.26338000 -10.25944000 47.64030000 5.29887500
//coll_box_32
COOBB N -60.48810000 -9.94409500 51.83012000 -55.20547000 -9.94409500 48.22414000 -59.21453000 -9.94409500 53.69585000 2.02818900
//-coll_box_32
COOBB Y -14.38733000 -1.01864500 -20.42170000 -16.56378000 -1.01864500 -18.96160000 -15.09622000 -1.01864500 -21.47840000 11.31729000
//-collider61
COOBB Y -3.69219000 -0.52539440 30.80638000 -3.68322100 -0.52539440 31.30630000 -12.14966000 -0.52539440 30.95810000 6.00035500
//-collider56
COOBB Y 15.35774000 -0.86104580 18.95118000 15.66536000 -0.86104580 19.34535000 12.72391000 -0.86104580 21.00668000 6.11843100
//-collider95
COAABB Y -72.625 -10.041 47.085 -72.119 -4.041 52.640
//-collider97
COOBB Y -73.57196000 -10.04134000 46.88303000 -73.07376000 -10.04134000 46.92539000 -73.70877000 -10.04134000 48.49184000 6.00000400
//-collider53
COOBB Y 20.42410000 -0.65379330 13.73029000 20.90039000 -0.65379330 13.88243000 18.43657000 -0.65379140 19.95245000 6.02961000
//-coll_box_87
COAABB Y -71.486 -10.081 31.929 -64.694 -5.299 32.931
//-collider69
COOBB Y -31.33477000 -0.47716900 6.14919600 -31.56233000 -0.47716900 6.59441100 -33.09258000 -0.47716900 5.25073100 6.03408100
//-collider11
COOBB Y -70.71250000 -10.33962000 21.68808000 -71.21227000 -10.33962000 21.67302000 -70.56365000 -10.33962000 16.74774000 6.03806700
//-collider17
COOBB Y -61.51628000 -7.77365900 -1.47759300 -61.82576000 -7.77365900 -1.87030600 -58.72338000 -7.77365900 -3.67854100 7.38625700
//coll_box_32
COOBB N -64.62374000 -9.94409500 52.36856000 -58.88513000 -9.94409500 50.64766000 -63.97487000 -9.94409500 54.53234000 2.02818900
//-collider93
COAABB Y -55.490 -10.041 33.156 -54.949 -4.041 52.569
//-collider66
COOBB Y -27.54734000 -0.50377270 18.95916000 -27.98553000 -0.50377270 19.19997000 -31.87260000 -0.50377270 11.08875000 6.02268200
//-collider6
COOBB Y -73.71862000 -10.48713000 40.99177000 -73.21972000 -10.48713000 40.95862000 -73.62589000 -10.48713000 42.38720000 6.00475700
//-collider83
COOBB Y -57.47613000 -7.69542900 3.63927100 -57.32623000 -7.69542900 4.11627200 -59.21416000 -7.69542900 4.18545900 6.86802300
//-collider26
COAABB Y -35.697 -0.718 -5.973 -33.356 5.282 -5.463
//-collider35
COOBB Y -5.34662400 -0.69827460 -30.88162000 -5.41355100 -0.69827460 -31.37712000 2.81594900 -0.69827270 -31.98413000 6.00005000
//-collider75
COOBB Y -43.02255000 -3.30285300 3.37274100 -43.03761000 -3.30285300 3.87251400 -47.40027000 -3.30285100 3.24082000 8.79267100
//-collider0
COOBB Y -105.77440000 -12.88297000 48.30135000 -106.27430000 -12.88297000 48.29477000 -105.68780000 -12.88297000 41.72193000 6.00187700
//-collider33
COOBB Y -20.71039000 -0.70846180 -25.23026000 -21.01671000 -0.70846180 -25.62544000 -13.50920000 -0.70846180 -30.81220000 6.01014300
//-coll_box_32
COOBB Y -72.06783000 -10.05657000 36.50549000 -72.10536000 -10.05657000 35.29982000 -71.25464000 -10.05657000 36.48018000 4.23313400
//-coll_box_32
COOBB Y -67.21559000 -10.11339000 53.04686000 -67.23400000 -10.11339000 52.45552000 -63.92600000 -10.11339000 52.94448000 5.64678000
//-coll_box_32
COOBB Y -15.14120000 -1.32864500 21.48546000 -17.32347000 -1.32864500 20.03406000 -14.43653000 -1.32864500 20.42594000 11.31729000
//-collider51
COOBB Y 24.90682000 -0.60208130 9.68633000 25.04142000 -0.60208130 10.16787000 22.52165000 -0.60208130 10.35300000 6.09632900
//-collider9
COOBB Y -71.96200000 -10.45382000 35.85535000 -72.05373000 -10.45382000 35.36383000 -70.69986000 -10.45382000 35.61981000 6.03806700
//-coll_box_87
COAABB Y -65.696 -10.358 31.736 -64.684 -4.442 32.204
//-coll_box_32
COOBB Y -60.26655000 -10.06038000 18.25161000 -60.23542000 -10.06038000 16.99528000 -59.65658000 -10.06038000 18.26673000 5.42675200
//-collider40
COOBB Y 15.38862000 -0.69765660 -18.82347000 14.97126000 -0.69765660 -19.09880000 16.61717000 -0.69765850 -20.68579000 6.00019100
//-collider4
COAABB Y -79.576 -12.855 39.025 -75.597 -4.490 39.537
//-coll_box_36
COAABB Y -59.769 -10.027 23.569 -59.271 -4.253 25.811
//-coll_box_32
COOBB Y -73.99313000 -10.23243000 49.08583000 -74.04406000 -10.23243000 47.44948000 -73.17994000 -10.23243000 49.06052000 5.45085100
//-collider39
COOBB Y 12.89222000 -0.69784930 -20.89752000 13.21174000 -0.69784930 -21.28210000 15.38862000 -0.69784740 -18.82347000 6.00019100
//coll_box_32
COOBB N -71.15577000 -10.69331000 21.99398000 -70.28519000 -10.69331000 15.14132000 -68.91480000 -10.69331000 22.27867000 3.04662700
//-coll_box_36
COAABB Y -59.662 -10.100 18.479 -59.238 -4.232 20.721
//-collider71
COOBB Y -33.29528000 -0.50273130 4.34975800 -33.32766000 -0.50273130 4.84870900 -36.07514000 -0.50272940 4.16940300 6.00852200
//Cylinder
COAACYLINDER N -55.950 -9.812 33.710 0.574 1.726
//-collider92
COOBB Y -59.80324000 -10.04147000 32.99762000 -59.78477000 -10.04147000 32.49796000 -55.48997000 -10.04147000 33.15704000 6.00006500
//-collider25
COOBB Y -36.00143000 -0.71844100 -6.00311500 -35.56776000 -0.71844100 -6.25197500 -35.69711000 -0.71844290 -5.47281500 6.00004200
//-coll_box_32
COOBB Y -56.22586000 -10.05657000 52.17164000 -56.30734000 -10.05657000 49.55367000 -55.41266000 -10.05657000 52.14633000 4.23313400
//-collider19
COOBB Y -56.38013000 -5.38869100 -5.02904900 -56.45821000 -5.38869100 -5.52291400 -51.65964000 -5.38869100 -5.77539500 8.18597800
//-coll_box_32
COOBB Y -72.14140000 -10.05657000 42.26433000 -72.15981000 -10.05657000 41.67299000 -71.32820000 -10.05657000 42.23902000 4.23313400
//Cylinder
COAACYLINDER N -97.202 -12.694 49.770 0.570 2.607
//coll_box_32
COOBB N -65.79236000 -10.04113000 24.54102000 -65.77761000 -10.04113000 23.94586000 -65.18240000 -10.04113000 24.55614000 4.52225400
//-collider28
COOBB Y -32.03334000 -0.71828460 -6.08291400 -32.43136000 -0.71828460 -6.38553500 -29.96901000 -0.71828460 -8.79800500 6.00031700
//-collider88
COAABB Y -54.984 -10.043 7.972 -54.385 -4.043 23.560
