COCOUNT 668
//-collider63
COOBB Y -26.94014000 -112.05000000 89.07986000 -27.18768000 -112.05000000 89.51428000 -30.30959000 -112.05000000 87.15985000 10.00000000
//-collider25
COOBB Y -50.88070000 -93.11337000 -10.58202000 -50.64530000 -93.11337000 -10.14090000 -52.08674000 -93.11337000 -9.93840000 10.00000000
//-collider13
COOBB Y 25.61578000 -111.18150000 96.34399000 25.83341000 -111.18150000 96.79414000 24.57880000 -111.18150000 96.84535000 10.00000000
//-collider18
COOBB Y -42.47553000 -93.11337000 -7.91926600 -42.97500000 -93.11337000 -7.94229800 -42.41775000 -93.11337000 -9.17238600 10.00000000
//-collider8
COOBB Y -40.47996000 -95.66425000 -26.98437000 -40.96219000 -95.66425000 -27.11647000 -38.26744000 -95.66425000 -35.06093000 10.00000000
//-collider8
COOBB Y 17.75481000 -111.43340000 116.28000000 17.41963000 -111.43340000 116.65100000 14.72028000 -111.43340000 113.53850000 10.00000000
//-collider28
COOBB Y -3.38834100 -112.05000000 130.03470000 -3.14409600 -112.05000000 130.47100000 -3.99504900 -112.05000000 130.37430000 10.00000000
//-collider3
COOBB Y -7.10074700 -110.62870000 73.07125000 -7.58149100 -110.62870000 72.93382000 -6.31140800 -110.62870000 70.30998000 10.83943000
//-collider8
COOBB Y 3.55298600 -106.85650000 32.36946000 3.56235900 -106.85650000 31.86955000 4.13568500 -106.85650000 32.38039000 10.00000000
//-collider1
COOBB Y -12.03015000 -112.05000000 83.94660000 -12.24493000 -112.05000000 83.49508000 -11.04781000 -112.05000000 83.47932000 10.00000000
//-collider38
COOBB Y -23.71626000 -95.64417000 -53.79498000 -24.21549000 -95.64417000 -53.82269000 -23.51624000 -95.64417000 -57.39875000 10.00000000
//-collider14
COOBB Y -29.59464000 -101.34510000 -25.87653000 -30.56264000 -101.34510000 -26.12749000 -28.31125000 -101.34510000 -30.82669000 10.00000000
//-collider45
COOBB Y 71.27813000 -72.17199000 -47.80415000 70.82504000 -72.17199000 -47.59269000 66.74232000 -72.17199000 -57.52280000 10.00000000
//-collider13
COOBB Y 10.94570000 -107.29520000 32.01350000 10.96844000 -107.29520000 31.51402000 15.88909000 -107.29520000 32.23854000 10.43863000
//-collider8
COOBB Y 10.64546000 -112.05000000 105.17230000 11.14277000 -112.05000000 105.12050000 10.72978000 -112.05000000 105.98180000 10.00000000
//collider12
COOBB N 18.84239000 -96.62865000 -43.48500000 19.18466000 -96.62865000 -43.84949000 22.71028000 -96.62865000 -39.85275000 10.00000000
//collider2
COOBB N -9.71725000 -111.26620000 106.61410000 -9.51198900 -111.26620000 106.15810000 -8.63640300 -111.26620000 107.10070000 4.00000000
//Cube
COAABB N 8.196 -110.469 73.235 8.597 -100.469 73.636
//tree_collider
COAACYLINDER N 77.559 -84.309 3.416 1.550 5.320
//-collider4
COOBB Y -19.72953000 -112.05000000 88.23351000 -19.99330000 -112.05000000 88.65827000 -24.70310000 -112.05000000 85.14513000 10.00000000
//-collider46
COOBB Y 12.51718000 -110.25880000 66.99199000 13.01244000 -110.25880000 66.92327000 12.62042000 -110.25880000 67.73603000 10.00000000
//tree_collider
COAACYLINDER N -26.825 -100.829 -15.691 1.010 6.400
//Cube
COOBB N 45.07489000 -92.98003000 -30.51669000 47.60139000 -92.98003000 -29.19787000 44.71857000 -92.98003000 -29.83409000 2.75424200
//-collider33
COOBB Y -17.62761000 -95.80318000 -66.31752000 -17.87374000 -95.80318000 -66.75274000 -15.37875000 -95.80318000 -67.58932000 10.00000000
//-collider33
COOBB Y -6.08363000 -100.65360000 9.36305700 -6.22366700 -100.65360000 8.88306800 -5.36878600 -100.65360000 9.15449900 10.00000000
//-collider62
COOBB Y -21.36516000 -112.05000000 92.20803000 -21.60983000 -112.05000000 92.64408000 -26.94014000 -112.05000000 89.07989000 10.00000000
//tree_collider
COAACYLINDER N 56.907 -91.853 -30.870 1.092 1.259
//-collider28
COOBB Y -29.73456000 -93.27937000 -55.78513000 -29.23521000 -93.27937000 -55.81053000 -29.65876000 -93.27937000 -54.29475000 10.00000000
//-collider62
COAABB Y 37.165 -88.913 -80.865 37.708 -76.499 -75.485
//-collider7
COOBB Y 3.92765100 -106.85650000 21.09611000 4.42737500 -106.85650000 21.11272000 3.55298700 -106.85650000 32.36946000 13.09695000
//-collider5
COOBB Y 57.40541000 -93.19418000 -58.32863000 57.56437000 -93.19418000 -57.85457000 53.78916000 -93.19418000 -57.11607000 10.00000000
//-collider7
COOBB Y 54.16142000 -93.19418000 -55.79085000 54.36311000 -93.19418000 -55.33334000 51.36133000 -93.19418000 -54.55647000 10.00000000
//-collider11
COOBB Y 62.84498000 -93.19418000 -37.68225000 62.62049000 -93.19418000 -38.12902000 66.46150000 -93.19418000 -39.49945000 10.00000000
//-collider3
COOBB Y 10.79853000 -112.05000000 97.99683000 10.76938000 -112.05000000 97.49768000 17.38134000 -112.05000000 97.61234000 10.00000000
//-collider14
COOBB Y 19.78607000 -100.87870000 -29.04150000 20.72227000 -100.87870000 -29.39297000 21.48663000 -100.87870000 -24.51175000 10.00000000
//-collider31
COOBB Y -33.79393000 -93.27937000 -48.28312000 -33.37017000 -93.27937000 -48.01774000 -36.91063000 -93.27937000 -43.30633000 10.00000000
//-collider50
COOBB Y 8.91207500 -86.23000000 -98.99974000 8.90289700 -86.23000000 -99.49966000 37.07038000 -86.23000000 -99.51667000 16.04126000
//-collider105
COOBB Y 40.93851000 -96.36525000 -18.02312000 41.41972000 -96.36525000 -17.88732000 36.46546000 -96.36525000 -2.17240100 10.58578000
//-collider21
COOBB Y 25.84338000 -108.28870000 39.34766000 25.83858000 -108.28870000 38.84768000 30.15221000 -108.28870000 39.30637000 10.00000000
//-collider35
COOBB Y 79.25964000 -83.79282000 -32.63531000 79.57563000 -83.79282000 -33.02280000 94.72068000 -83.79282000 -20.02692000 10.00000000
//-collider20
COOBB Y -58.32283000 -90.70538000 -46.28668000 -58.77586000 -90.70538000 -46.49826000 -55.48569000 -90.70538000 -52.36157000 10.00000000
//tree_collider
COAACYLINDER N 58.110 -91.853 -31.346 1.092 1.259
//-collider13
COOBB Y -24.29424000 -112.05000000 108.89750000 -23.82220000 -112.05000000 109.06240000 -26.34478000 -112.05000000 114.76960000 10.00000000
//-collider71
COOBB Y 25.52791000 -95.86371000 -57.34859000 25.77594000 -95.86371000 -56.91444000 23.32701000 -95.86371000 -56.09117000 10.00000000
//-collider1
COOBB Y 4.83838000 -111.18150000 82.03869000 5.31856000 -111.18150000 81.89931000 5.36489600 -111.18150000 83.85258000 10.00000000
//-collider23
COOBB Y 20.69208000 -111.37260000 127.10320000 20.88436000 -111.37260000 126.64170000 21.80661000 -111.37260000 127.56750000 10.00000000
//-collider3
COOBB Y 12.99207000 -95.80318000 -69.80943000 13.42878000 -95.80318000 -70.05290000 14.40229000 -95.80318000 -67.27995000 10.00000000
//-collider14
COOBB Y 23.95947000 -103.52070000 -36.03469000 24.34071000 -103.52070000 -35.11021000 13.00015000 -103.52070000 -31.51522000 8.93978900
//collider5
COOBB N -4.44958500 -111.26620000 105.69920000 -4.94462600 -111.26620000 105.62900000 -4.11636300 -111.26620000 103.35080000 4.00000000
//-collider67
COOBB Y 74.79769000 -72.30098000 -51.44141000 75.22923000 -72.30098000 -51.69394000 75.66840000 -72.30098000 -49.95349000 10.00000000
//-collider22
COOBB Y -46.03764000 -93.11337000 -10.94860000 -45.53843000 -93.11337000 -10.92049000 -46.15955000 -93.11337000 -8.78351800 10.00000000
//-collider40
COOBB Y -21.00357000 -112.05000000 124.21530000 -20.50416000 -112.05000000 124.23950000 -21.16983000 -112.05000000 127.64140000 10.00000000
//-collider7
COOBB Y -0.82986380 -109.16060000 62.33423000 -1.32057500 -109.16060000 62.43016000 -0.95647840 -109.16060000 61.68654000 10.00000000
//-collider73
COOBB Y 83.98072000 -74.79446000 -38.41372000 84.29583000 -74.79446000 -38.80193000 105.10380000 -74.79446000 -21.26856000 12.61053000
//-collider1
COOBB Y -18.07756000 -112.05000000 120.68560000 -18.57120000 -112.05000000 120.60620000 -17.78050000 -112.05000000 118.84030000 10.00000000
//collider13
COOBB N 22.71026000 -96.62865000 -39.85275000 23.08583000 -96.62865000 -40.18282000 25.95505000 -96.62865000 -36.16068000 10.00000000
//-collider35
COOBB Y 43.73342000 -106.41550000 60.06857000 43.72437000 -106.41550000 60.56849000 29.89311000 -106.41550000 59.81787000 10.00131000
//-collider0
COOBB Y -5.74732600 -101.34510000 7.79179500 -6.70425800 -101.34510000 8.08210800 -6.55750700 -101.34510000 5.12126200 10.00000000
//-collider54
COAABB Y 43.877 -78.604 -99.106 45.986 -68.604 -98.594
//-collider79
COOBB Y 73.58084000 -85.44760000 -5.92246400 73.91003000 -85.44760000 -6.29880300 83.05641000 -85.44760000 2.36609400 10.15833000
//-collider24
COOBB Y -3.91066600 -105.51430000 51.52821000 -4.26516900 -105.51430000 51.88081000 -11.03294000 -105.51430000 44.36754000 10.01726000
//-collider2
COOBB Y -34.54974000 -93.56033000 -20.76174000 -34.05052000 -93.56033000 -20.73382000 -34.65158000 -93.56033000 -18.94076000 10.00000000
//-collider2
COOBB Y 8.12113600 -95.80318000 -69.46190000 8.08555200 -95.80318000 -69.96063000 12.99207000 -95.80318000 -69.80943000 10.00000000
//-collider7
COOBB Y -26.46476000 -93.56033000 -4.56493600 -26.07725000 -93.56033000 -4.88090500 -25.21112000 -93.56033000 -3.02745100 10.00000000
//-collider4
COOBB Y 54.75244000 -93.19418000 -63.91693000 55.20412000 -93.19418000 -64.13136000 57.40542000 -93.19418000 -58.32863000 10.00000000
//collider0
COOBB N -10.27942000 -111.26620000 106.01220000 -9.82035900 -111.26620000 105.81400000 -10.16690000 -111.26620000 106.27280000 4.00000000
//-collider2
COOBB Y 5.36490700 -111.18150000 83.85259000 5.31422500 -111.18150000 83.35517000 8.03692500 -111.18150000 83.58035000 10.00000000
//-collider10
COOBB Y -14.66063000 -112.05000000 88.99413000 -15.01318000 -112.05000000 88.63956000 -12.38097000 -112.05000000 86.72741000 10.00000000
//-collider106
COOBB Y 36.46548000 -95.77946000 -2.17240300 36.75245000 -95.77946000 -1.76295400 32.44193000 -95.77946000 0.64756670 10.00000000
//-collider12
COOBB Y 66.46149000 -93.19418000 -39.49945000 66.92942000 -93.19418000 -39.67566000 68.04380000 -93.19418000 -35.29776000 10.00000000
//-collider5
COOBB Y -44.05910000 -93.19660000 -18.07028000 -44.55827000 -93.19660000 -18.04132000 -44.12365000 -93.19660000 -19.18292000 10.00000000
//-collider68
COOBB Y 75.66840000 -72.30098000 -49.95348000 75.45095000 -72.30098000 -50.40373000 77.34917000 -72.30098000 -50.76520000 10.00000000
//tree_collider
COAACYLINDER N -24.121 -100.499 -7.104 1.340 5.740
//-collider5
COOBB Y -5.31413000 -109.78920000 67.90540000 -5.74181700 -109.78920000 67.64640000 -2.42476300 -109.78920000 63.13430000 10.00000000
//-collider12
COOBB Y -32.26700000 -93.56033000 1.53386600 -32.01326000 -93.56033000 1.96470000 -35.21497000 -93.56033000 3.27004100 10.00000000
//Cube
COOBB N 51.37024000 -93.62808000 -55.86034000 48.73591000 -93.62808000 -56.94789000 51.66407000 -93.62808000 -56.57207000 4.49835200
//tree_collider
COAACYLINDER N 46.510 -92.259 -47.124 1.040 3.941
//-collider6
COOBB Y -11.23209000 -100.78090000 -46.71571000 -11.53587000 -100.78090000 -47.66846000 -6.12448600 -100.78090000 -48.34424000 6.19999700
//-collider15
COOBB Y 23.99830000 -85.99683000 -86.72546000 24.02019000 -85.99683000 -86.22594000 13.81650000 -85.99683000 -86.27927000 15.57764000
//-collider30
COOBB Y -24.95330000 -95.80318000 -64.96352000 -25.35143000 -95.80318000 -65.26601000 -20.28109000 -95.80318000 -71.11301000 10.00000000
//-collider59
COOBB Y -35.14355000 -112.05000000 92.74070000 -34.95791000 -112.05000000 92.27644000 -22.77145000 -112.05000000 97.68794000 10.00000000
//-collider58
COOBB Y 53.53030000 -84.53424000 -72.07327000 53.98347000 -84.53424000 -72.28454000 54.17722000 -84.53424000 -70.68568000 10.00000000
//tree_collider
COAACYLINDER N 48.570 -92.593 -28.266 0.860 3.122
//-collider102
COOBB Y 40.19185000 -96.36525000 -24.09824000 40.44934000 -96.36525000 -23.66963000 38.51455000 -96.36525000 -23.09061000 10.00000000
//-collider15
COOBB Y 58.55550000 -93.19418000 -27.08330000 58.40292000 -93.19418000 -27.55945000 59.79153000 -93.19418000 -27.47939000 10.00000000
//-collider6
COOBB Y 9.70110900 -111.18150000 85.62396000 9.20231800 -111.18150000 85.65872000 9.65771300 -111.18150000 85.00128000 10.00000000
//-collider65
COOBB Y 35.12913000 -88.91251000 -73.75856000 35.18593000 -88.91251000 -74.25533000 37.29395000 -88.91251000 -73.51103000 10.00000000
//-collider6
COOBB Y 19.35961000 -95.80318000 -67.46950000 18.86804000 -95.80318000 -67.56093000 19.68181000 -95.80318000 -69.20184000 10.00000000
//-collider24
COOBB Y 26.51793000 -108.70300000 43.37342000 27.01458000 -108.70300000 43.43119000 26.48891000 -108.70300000 43.62289000 10.00000000
//Cube
COOBB N -12.50783000 -112.23880000 86.80766000 -12.40185000 -112.23880000 86.48460000 -9.24870800 -112.23880000 87.87682000 10.00000000
//-collider31
COOBB Y -11.93089000 -112.05000000 143.32280000 -11.73820000 -112.05000000 142.86140000 -10.62265000 -112.05000000 143.86920000 10.00000000
//-collider25
COOBB Y -11.03295000 -106.41530000 44.36753000 -11.36065000 -106.41530000 43.98989000 -4.80202600 -106.41530000 38.96070000 10.90094000
//-collider20
COOBB Y -43.89042000 -93.11337000 -9.24635400 -44.38930000 -93.11337000 -9.21292800 -44.00772000 -93.11337000 -10.99694000 10.00000000
//-collider41
COOBB Y -26.83905000 -95.64417000 -58.24891000 -27.14054000 -95.64417000 -57.85003000 -28.99533000 -95.64417000 -59.87876000 10.00000000
//-collider6
COOBB Y 53.78915000 -93.19418000 -57.11608000 54.27052000 -93.19418000 -57.25129000 54.16141000 -93.19418000 -55.79085000 10.00000000
//-collider7
COOBB Y -20.27858000 -112.05000000 111.71850000 -20.23194000 -112.05000000 112.21630000 -24.21754000 -112.05000000 112.08760000 10.00000000
//-collider8
COOBB Y -26.38732000 -101.34510000 -5.53640400 -27.33139000 -101.34510000 -5.20665200 -29.57051000 -101.34510000 -14.64979000 10.00000000
//-collider15
COOBB Y 25.50738000 -111.18150000 103.43440000 25.47202000 -111.18150000 102.93560000 26.11812000 -111.18150000 103.39110000 10.00000000
//-collider30
COOBB Y -5.13380400 -103.59080000 20.86162000 -5.63299600 -103.59080000 20.89003000 -5.38111800 -103.59080000 16.51570000 12.58859000
//Cube
COOBB N -1.85201700 -112.23880000 119.61080000 -1.37637600 -112.23880000 119.76500000 -2.00617700 -112.23880000 120.08640000 10.00000000
//-collider50
COOBB Y -29.66365000 -112.05000000 126.33670000 -29.67026000 -112.05000000 126.83660000 -33.21330000 -112.05000000 126.28980000 10.00000000
//-collider74
COOBB Y 105.10370000 -77.55014000 -21.26856000 105.49430000 -77.55014000 -20.95639000 91.81181000 -77.55014000 -4.63797200 12.75568000
//-collider109
COOBB Y 26.26243000 -95.77946000 0.55388530 25.86197000 -95.77946000 0.25449500 28.21775000 -95.77946000 -2.06150200 10.00000000
//-collider10
COOBB Y -35.48701000 -95.66425000 -34.45586000 -35.69230000 -95.66425000 -33.99995000 -40.47416000 -95.66425000 -36.70145000 12.35355000
//-collider5
COOBB Y -36.63424000 -93.20562000 -8.02676600 -37.08635000 -93.20562000 -8.24029300 -35.94201000 -93.20562000 -9.49246500 10.00000000
//tree_collider
COAACYLINDER N 53.550 -92.156 -59.676 0.950 1.544
//-collider20
COOBB Y 13.71284000 -107.90520000 47.68658000 14.20572000 -107.90520000 47.77060000 13.51145000 -107.90520000 48.86789000 10.42537000
//-collider19
COOBB Y -53.31908000 -90.70538000 -43.75815000 -53.54459000 -90.70538000 -43.31189000 -58.32284000 -90.70538000 -46.28668000 10.00000000
//-collider59
COOBB Y 54.17720000 -84.53424000 -70.68568000 54.36602000 -84.53424000 -70.22269000 49.33856000 -84.53424000 -68.71241000 10.00000000
//-collider72
COOBB Y 83.11275000 -72.21320000 -37.35973000 82.72678000 -72.21320000 -37.67758000 83.98073000 -72.21320000 -38.41373000 10.02927000
//-collider2
COOBB Y -54.96952000 -93.17467000 -19.09880000 -54.98299000 -93.17467000 -19.59862000 -46.51982000 -93.17467000 -19.32657000 10.11888000
//-collider11
COOBB Y 14.68885000 -100.78090000 -44.56772000 15.30862000 -100.78090000 -45.35250000 18.42663000 -100.78090000 -41.61585000 6.19999700
//tree_collider
COAACYLINDER N 15.199 -100.499 -41.444 1.340 5.740
//-collider40
COOBB Y 19.85391000 -109.51870000 64.23907000 19.76043000 -109.51870000 64.73026000 17.66933000 -109.51870000 63.82333000 10.00000000
//-collider20
COOBB Y 22.91576000 -111.37260000 116.88950000 23.41113000 -111.37260000 116.82160000 23.39834000 -111.37260000 120.40770000 10.00000000
//Cube
COOBB N -14.04253000 -112.23880000 119.61870000 -13.04723000 -112.23880000 119.71550000 -14.13934000 -112.23880000 120.61400000 10.00000000
//tree_collider
COAACYLINDER N 57.979 -84.669 -10.814 1.190 6.040
//-collider6
COOBB Y 21.45071000 -100.87870000 -3.86054600 21.78018000 -100.87870000 -4.80471300 23.85646000 -100.87870000 -3.02106200 10.00000000
//-collider66
COOBB Y 77.54942000 -72.30098000 -53.18846000 77.81741000 -72.30098000 -52.76635000 74.79768000 -72.30098000 -51.44142000 10.00000000
//-collider33
COOBB Y 77.46810000 -83.79282000 -30.17410000 77.05060000 -83.79282000 -30.44923000 78.16100000 -83.79282000 -31.22558000 10.00000000
//-collider26
COOBB Y 70.69836000 -85.58411000 -10.21216000 70.33248000 -85.58411000 -10.55295000 75.39062000 -85.58411000 -15.24978000 11.79129000
//tree_collider
COAACYLINDER N -19.260 -100.500 -39.230 1.340 5.740
//-collider15
COOBB Y 15.31334000 -107.29720000 37.72335000 15.16600000 -107.29720000 38.20115000 13.96649000 -107.29720000 37.30803000 10.00208000
//-collider10
COOBB Y 9.98697500 -100.78090000 -46.93396000 10.43651000 -100.78090000 -47.82722000 14.68884000 -100.78090000 -44.56771000 6.19999700
//-collider63
COOBB Y 71.11456000 -72.30098000 -59.38587000 71.56116000 -72.30098000 -59.61069000 71.89629000 -72.30098000 -57.83299000 10.00000000
//-collider49
COOBB Y -28.56108000 -112.05000000 127.18280000 -28.86547000 -112.05000000 127.57950000 -29.66365000 -112.05000000 126.33670000 10.00000000
//-collider4
COOBB Y 4.04221500 -100.99060000 16.08613000 4.19338000 -100.99060000 16.56273000 2.93944800 -100.99060000 16.43590000 10.00000000
//-collider15
COOBB Y -28.31125000 -101.34510000 -30.82669000 -27.97583000 -101.34510000 -31.76876000 -21.90809000 -101.34510000 -28.54688000 10.00000000
//-collider10
COOBB Y 62.21806000 -93.19418000 -39.04466000 62.67228000 -93.19418000 -39.25367000 62.84498000 -93.19418000 -37.68224000 10.00000000
//-collider13
COOBB Y 21.93816000 -100.78090000 -37.98360000 22.63226000 -100.78090000 -38.70348000 23.95946000 -100.78090000 -36.03468000 6.19999700
//-collider29
COOBB Y -29.65876000 -93.27937000 -54.29475000 -29.27878000 -93.27937000 -54.61974000 -28.75978000 -93.27937000 -53.24364000 10.00000000
//collider10
COOBB N 29.60249000 -100.87870000 -15.32703000 28.60471000 -100.87870000 -15.39363000 29.99363000 -100.87870000 -21.18709000 10.00000000
//collider14
COOBB N 25.95506000 -101.55700000 -36.16068000 26.15400000 -101.55700000 -35.70196000 14.03959000 -101.55700000 -30.99320000 14.92831000
//-collider46
COOBB Y -35.98475000 -86.42198000 -100.47220000 -36.00167000 -86.42198000 -100.97190000 -8.90514600 -86.42198000 -101.38930000 16.23325000
//-collider34
COOBB Y 78.16098000 -83.79282000 -31.22559000 77.76661000 -83.79282000 -31.53295000 79.25965000 -83.79282000 -32.63531000 10.00000000
//-collider54
COOBB Y -27.92257000 -112.05000000 107.29510000 -28.10020000 -112.05000000 106.82770000 -26.61829000 -112.05000000 106.79940000 10.00000000
//-collider62
COOBB Y 73.13828000 -72.30098000 -60.48241000 73.37649000 -72.30098000 -60.04280000 71.11459000 -72.30098000 -59.38588000 10.00000000
//-collider4
COOBB Y 51.09887000 -84.61019000 -15.48897000 51.58523000 -84.61019000 -15.37298000 48.07693000 -84.61019000 -2.81772300 10.00000000
//-collider23
COOBB Y 2.01632700 -106.88910000 46.25831000 2.34856000 -106.88910000 46.63197000 -3.91067900 -106.88910000 51.52821000 11.39206000
//-collider85
COOBB Y 43.57677000 -84.87827000 5.04683600 44.06887000 -84.87827000 5.13535100 42.95470000 -84.87827000 8.50524300 10.00000000
//-collider39
COOBB Y 83.42154000 -83.79282000 -16.23693000 83.74186000 -83.79282000 -16.62085000 90.13770000 -83.79282000 -10.63344000 15.27869000
//-collider54
COOBB Y 7.33561800 -110.71250000 79.47445000 7.21704700 -110.71250000 79.96018000 5.36945500 -110.71250000 78.99450000 10.00000000
//-collider16
COOBB Y 13.96649000 -107.29720000 37.30802000 14.46040000 -107.29720000 37.38578000 13.85913000 -107.29720000 37.98992000 10.00000000
//-collider38
COOBB Y 25.76391000 -108.86150000 63.49706000 25.77010000 -108.86150000 63.99702000 22.81966000 -108.86150000 63.53353000 10.00000000
//-collider19
COOBB Y 15.84519000 -112.05000000 91.88271000 15.34605000 -112.05000000 91.85332000 16.09259000 -112.05000000 87.68059000 10.00000000
//-collider22
COAABB Y -14.785 -80.419 -87.799 -14.158 -70.419 -71.437
//-collider28
COOBB Y 73.21316000 -83.79282000 -18.97184000 72.77010000 -83.79282000 -18.74011000 68.80618000 -83.79282000 -27.39795000 10.00000000
//-collider9
COOBB Y 16.01439000 -111.18150000 83.71539000 16.00082000 -111.18150000 83.21558000 22.98134000 -111.18150000 83.52628000 10.67740000
//-collider5
COOBB Y -24.70309000 -112.05000000 85.14513000 -24.26460000 -112.05000000 85.38538000 -25.30375000 -112.05000000 86.24142000 10.00000000
//-collider55
COOBB Y -26.61827000 -112.05000000 106.79940000 -27.09230000 -112.05000000 106.95850000 -27.27072000 -112.05000000 104.85470000 10.00000000
//tree_collider
COAACYLINDER N 4.769 -100.499 -46.814 1.340 5.740
//-collider12
COOBB Y 18.42662000 -100.78090000 -41.61584000 19.14557000 -100.78090000 -42.31090000 21.93815000 -100.78090000 -37.98359000 6.19999700
//-collider2
COOBB Y -7.22647800 -111.49430000 98.74654000 -7.13490800 -111.49430000 98.25499000 -5.49148000 -111.49430000 99.06975000 4.00000000
//-collider4
COOBB Y 14.40227000 -95.80318000 -67.27996000 14.58613000 -95.80318000 -67.74493000 16.88749000 -95.80318000 -66.29726000 10.00000000
//-collider97
COOBB Y 41.81021000 -93.38170000 -28.11627000 41.32737000 -93.38170000 -27.98639000 39.75129000 -93.38170000 -35.77069000 10.00000000
//-collider14
COOBB Y 24.57879000 -111.18150000 96.84536000 25.07390000 -111.18150000 96.77558000 25.50738000 -111.18150000 103.43430000 10.00000000
//-collider29
COOBB Y -5.54152700 -103.59080000 21.20827000 -5.86538700 -103.59080000 20.82733000 -5.13377400 -103.59080000 20.86161000 10.00000000
//-collider2
COOBB Y -9.46006100 -101.34510000 3.26377700 -9.54375100 -101.34510000 4.26026900 -11.82705000 -101.34510000 3.06498700 10.00000000
//-collider7
COOBB Y 19.68182000 -95.80318000 -69.20184000 19.41839000 -95.80318000 -69.62682000 20.72942000 -95.80318000 -69.85123000 10.00000000
//-collider38
COOBB Y -14.26698000 -112.05000000 126.12310000 -14.47609000 -112.05000000 126.57720000 -19.09521000 -112.05000000 123.90000000 10.00000000
//-collider9
COOBB Y -0.87999700 -109.16060000 60.84455000 -1.30448500 -109.16060000 60.58033000 -0.04050052 -109.16060000 59.49581000 10.00000000
//collider1
COOBB N 17.42351000 -100.51570000 -6.60464500 17.62567000 -100.51570000 -7.06195000 23.36235000 -100.51570000 -3.97917200 5.00000000
//tree_collider
COAACYLINDER N -11.131 -100.499 1.646 1.340 5.740
//collider8
COOBB N -0.65506410 -96.62865000 -50.56248000 -0.60679030 -96.62865000 -51.06015000 5.13692700 -96.62865000 -50.00066000 10.00000000
//-collider37
COOBB Y -20.37363000 -112.05000000 139.59960000 -20.82906000 -112.05000000 139.39320000 -14.26697000 -112.05000000 126.12300000 10.00000000
//tree_collider
COAACYLINDER N -33.841 -92.879 -55.414 1.340 5.740
//-collider35
COAABB Y -13.629 -95.803 -69.812 -8.130 -85.803 -69.279
//-collider26
COOBB Y -1.52207500 -112.05000000 131.17860000 -1.99175300 -112.05000000 131.35010000 -1.79543300 -112.05000000 130.42980000 10.00000000
//Cube
COOBB N 3.69067100 -107.39880000 34.66119000 3.54008400 -107.39880000 36.52512000 3.48135400 -107.39880000 34.64428000 10.00000000
//collider5
COOBB N -15.88493000 -96.62865000 -46.21323000 -16.10978000 -96.62865000 -46.65983000 -11.41026000 -96.62865000 -48.46609000 10.00000000
//-collider9
COOBB Y 25.52287000 -95.80318000 -63.40818000 25.13697000 -95.80318000 -63.72611000 28.79292000 -95.80318000 -67.37728000 11.49997000
//-collider89
COOBB Y 39.25465000 -90.70099000 -5.33002300 38.77063000 -90.70099000 -5.45538200 42.60909000 -90.70099000 -18.28198000 15.82272000
//-collider2
COOBB Y -11.04780000 -112.05000000 83.47930000 -11.18780000 -112.05000000 83.95930000 -17.70303000 -112.05000000 81.53828000 10.00000000
//-collider12
COOBB Y 25.93801000 -111.18150000 87.52187000 26.43768000 -111.18150000 87.54012000 25.61577000 -111.18150000 96.34400000 10.67740000
//Cube
COOBB N 37.32978000 -95.27002000 -51.48336000 35.99909000 -95.27002000 -48.96309000 36.64887000 -95.27002000 -51.84288000 5.61222800
//-collider31
COOBB Y -20.28107000 -95.80318000 -71.11302000 -19.78605000 -95.80318000 -71.18336000 -19.79725000 -95.80318000 -67.70803000 10.00000000
//-collider1
COOBB Y 28.31562000 -101.49030000 -20.86904000 27.32099000 -101.49030000 -20.76556000 27.78330000 -101.49030000 -25.98554000 6.30999800
//Cube
COOBB N 60.21634000 -92.99734000 -34.60702000 60.85309000 -92.99734000 -37.38498000 60.96687000 -92.99734000 -34.43499000 2.35087600
//-collider48
COAABB Y -8.774 -80.189 -96.026 8.998 -70.189 -95.495
//-collider41
COOBB Y -21.16982000 -112.05000000 127.64140000 -20.96564000 -112.05000000 127.18500000 -20.18449000 -112.05000000 128.08220000 10.00000000
//-collider13
COOBB Y 68.04380000 -93.19418000 -35.29776000 68.27410000 -93.19418000 -34.85395000 57.32897000 -93.19418000 -29.73749000 10.00000000
//-collider10
COOBB Y -22.42701000 -112.05000000 110.28290000 -22.92265000 -112.05000000 110.21700000 -22.11597000 -112.05000000 107.94210000 10.00000000
//-collider12
COAABB Y 30.932 -87.944 -82.427 31.475 -75.863 -76.517
//-collider21
COOBB Y 50.41053000 -85.58411000 -16.53824000 50.22814000 -85.58411000 -17.00379000 62.84481000 -85.58411000 -21.40985000 10.00000000
//-collider80
COOBB Y 83.05642000 -85.28928000 2.36611100 83.45483000 -85.28928000 2.66822100 67.27554000 -85.28928000 23.17715000 10.00000000
//-collider0
COOBB Y -23.34548000 -112.05000000 119.71470000 -23.25485000 -112.05000000 119.22300000 -18.07753000 -112.05000000 120.68560000 10.00000000
//-collider3
COOBB Y 12.87493000 -111.43340000 129.90010000 12.70632000 -111.43340000 129.42940000 15.61346000 -111.43340000 128.91920000 10.00000000
//-collider1
COOBB Y 10.25893000 -112.05000000 102.11120000 10.23843000 -112.05000000 101.61160000 10.78106000 -112.05000000 102.08980000 10.00000000
//-collider9
COOBB Y -29.57051000 -101.34510000 -14.64979000 -30.56851000 -101.34510000 -14.58649000 -29.70452000 -101.34510000 -16.76239000 10.00000000
//tree_collider
COAACYLINDER N 35.180 -93.271 -51.126 1.310 2.414
//-collider0
COOBB Y 9.64918700 -112.05000000 92.46233000 10.14819000 -112.05000000 92.43079000 10.25893000 -112.05000000 102.11120000 10.00000000
//-collider51
COOBB Y 49.92360000 -83.35704000 -95.26353000 50.42349000 -83.35704000 -95.25312000 49.74916000 -83.35704000 -86.88903000 15.53531000
//-collider11
COOBB Y 30.52588000 -90.86853000 -71.62402000 30.03502000 -90.86853000 -71.71916000 31.47504000 -90.86853000 -76.52040000 12.92429000
//-collider38
COOBB Y 83.99043000 -83.79282000 -16.83474000 84.35264000 -83.79282000 -16.49006000 83.42155000 -83.79282000 -16.23693000 10.00000000
//tree_collider
COAACYLINDER N 48.880 -92.168 -54.424 0.980 3.758
//-collider72
COOBB Y -15.54010000 -112.05000000 76.90337000 -15.35446000 -112.05000000 76.43910000 -15.01949000 -112.05000000 77.11153000 10.00000000
//-collider44
COOBB Y 8.08158400 -110.25880000 66.10572000 8.57938100 -110.25880000 66.15261000 8.02570600 -110.25880000 66.69898000 10.00000000
//-collider8
COOBB Y -24.21752000 -112.05000000 112.08760000 -24.68820000 -112.05000000 111.91890000 -23.54629000 -112.05000000 110.21510000 10.00000000
//-collider101
COOBB Y 39.71926000 -96.36525000 -27.79514000 40.21523000 -96.36525000 -27.85854000 40.19186000 -96.36525000 -24.09823000 10.27457000
//-collider60
COOBB Y 66.47560000 -72.30098000 -70.98126000 66.56973000 -72.30098000 -71.47232000 68.18764000 -72.30098000 -70.65308000 10.00000000
//-collider3
COOBB Y -5.49148700 -111.49430000 99.06976000 -5.97590700 -111.49430000 98.94591000 -4.44335800 -111.49430000 94.96996000 4.00000000
//-collider0
COOBB Y 5.29365600 -111.18150000 79.14195000 5.78759400 -111.18150000 79.21958000 4.83839800 -111.18150000 82.03869000 10.00000000
//-collider8
COOBB Y -25.21114000 -93.56033000 -3.02745100 -24.76037000 -93.56033000 -2.81111800 -27.01226000 -93.56033000 0.72557680 10.00000000
//-collider33
COOBB Y -31.70640000 -95.64417000 -41.30607000 -32.00976000 -95.64417000 -40.90861000 -34.48940000 -95.64417000 -43.43016000 10.00000000
//-collider110
COOBB Y 28.21775000 -95.77946000 -2.06151800 27.81883000 -95.77946000 -1.76008700 26.05915000 -95.77946000 -4.91828800 10.00000000
//-collider36
COOBB Y -8.13324800 -95.80318000 -69.27910000 -8.63321600 -95.80318000 -69.27337000 -8.24683500 -95.80318000 -79.18461000 10.00000000
//-collider26
COOBB Y -31.03675000 -87.87370000 -83.42975000 -30.53681000 -87.87370000 -83.43760000 -30.95588000 -87.87370000 -78.27865000 11.38046000
//-collider14
COOBB Y 7.79632900 -111.43340000 119.92290000 8.19705700 -111.43340000 120.22190000 6.76316400 -111.43340000 121.30740000 10.00000000
//-collider37
COOBB Y -25.92868000 -95.64417000 -51.93555000 -26.25038000 -95.64417000 -52.31832000 -23.71625000 -95.64417000 -53.79498000 10.00000000
//-collider31
COAABB Y 45.350 -106.519 48.196 45.855 -96.414 57.962
//collider32
COOBB N -10.62264000 -112.05000000 143.86920000 -10.15633000 -112.05000000 144.04960000 -15.71423000 -112.05000000 157.02760000 10.00000000
//-collider36
COOBB Y 94.72069000 -83.79282000 -20.02692000 95.10413000 -83.79282000 -19.70602000 88.87968000 -83.79282000 -13.04753000 10.00000000
//-collider108
COOBB Y 30.73775000 -95.77946000 2.75426200 30.51713000 -95.77946000 3.20296000 26.26242000 -95.77946000 0.55387590 10.00000000
//-collider8
COOBB Y -0.65508150 -100.78090000 -49.01997000 -0.53534960 -100.78090000 -50.01278000 4.98842900 -100.78090000 -48.33937000 6.19999700
//-collider5
COOBB Y 16.88750000 -95.80318000 -66.29726000 16.67327000 -95.80318000 -66.74904000 19.35961000 -95.80318000 -67.46950000 10.00000000
//-collider27
COOBB Y -30.95587000 -90.98943000 -78.27866000 -30.46400000 -90.98943000 -78.36848000 -30.07977000 -90.98943000 -73.48113000 13.11572000
//-collider1
COOBB Y 4.05321600 -101.10560000 6.23453600 4.55315300 -101.10560000 6.24245400 4.00866000 -101.10560000 9.04810400 10.11497000
//-collider11
COOBB Y -33.30881000 -93.56033000 -1.49604200 -32.83598000 -93.56033000 -1.65862100 -32.26700000 -93.56033000 1.53386500 10.00000000
//Cube
COAABB N 7.893 -107.400 37.264 8.896 -97.400 38.267
//-collider35
COOBB Y -34.15053000 -112.05000000 171.13940000 -34.61121000 -112.05000000 170.94500000 -26.46113000 -112.05000000 152.91350000 10.00000000
//-collider107
COOBB Y 32.44192000 -95.77946000 0.64756440 32.83065000 -95.77946000 0.96202390 30.73775000 -95.77946000 2.75425400 10.00000000
//-collider50
COOBB Y 15.14585000 -110.71250000 73.31181000 15.64408000 -110.71250000 73.35378000 15.01947000 -110.71250000 74.81224000 10.00000000
//Cube
COOBB N -13.84052000 -112.38870000 112.93960000 -12.84522000 -112.38870000 113.03650000 -13.93733000 -112.38870000 113.93500000 10.00000000
//-collider18
COOBB Y 26.21399000 -111.37260000 107.08370000 26.71074000 -111.37260000 107.14070000 25.05826000 -111.37260000 117.16000000 10.19113000
//-collider7
COOBB Y -6.12448400 -100.78090000 -48.34423000 -6.24710100 -100.78090000 -49.33669000 -0.65507530 -100.78090000 -49.01997000 6.19999700
//tree_collider
COAACYLINDER N -16.411 -100.499 -1.594 1.340 5.740
//-collider4
COOBB Y -34.62665000 -93.20562000 -4.86184900 -35.04887000 -93.20562000 -4.59402500 -36.63422000 -93.20562000 -8.02676400 10.00000000
//tree_collider
COAACYLINDER N 51.289 -84.669 -3.984 1.190 6.040
//-collider68
COOBB Y 32.86192000 -95.86371000 -63.40738000 33.27877000 -95.86371000 -63.13128000 29.37459000 -95.86371000 -58.14225000 11.86966000
//tree_collider
COAACYLINDER N -25.491 -100.829 -25.594 1.010 6.400
//-collider6
COOBB Y -2.42474900 -109.78920000 63.13430000 -2.64894400 -109.78920000 62.68739000 -0.82983110 -109.78920000 62.33422000 10.62863000
//-collider46
COOBB Y -26.18954000 -112.05000000 131.72530000 -26.68816000 -112.05000000 131.68810000 -25.95544000 -112.05000000 128.58820000 10.00000000
//Cube
COAABB N 30.759 -107.400 48.979 31.761 -97.400 49.981
//-collider20
COOBB Y 16.09259000 -112.05000000 87.68056000 16.12446000 -112.05000000 88.17954000 9.55365400 -112.05000000 88.09820000 10.00000000
//-collider16
COOBB Y -54.63439000 -93.29556000 -23.10910000 -55.11688000 -93.29556000 -23.24026000 -50.02236000 -93.29556000 -40.07487000 10.15567000
//-collider10
COOBB Y 4.49556500 -106.85650000 26.03993000 4.86361100 -106.85650000 25.70149000 7.46651300 -106.85650000 29.27077000 10.00000000
//collider11
COOBB N 14.86703000 -96.62865000 -46.52595000 15.17081000 -96.62865000 -46.92308000 18.84236000 -96.62865000 -43.48500000 10.00000000
//-collider17
COOBB Y 20.32028000 -112.05000000 97.01459000 19.82039000 -112.05000000 97.02547000 20.20071000 -112.05000000 91.52680000 10.00000000
//-collider1
COOBB Y -54.78026000 -93.05579000 -12.81282000 -55.28003000 -93.05579000 -12.79777000 -54.96951000 -93.05579000 -19.09880000 10.04510000
//-collider86
COOBB Y 42.95472000 -84.87827000 8.50523900 42.66748000 -84.87827000 8.91449500 36.20256000 -84.87827000 3.76607800 10.00000000
//-collider9
COOBB Y 4.13568400 -106.85650000 32.38039000 3.63648700 -106.85650000 32.35205000 4.49554800 -106.85650000 26.03994000 10.00000000
//tree_collider
COAACYLINDER N 66.159 -84.669 17.006 1.190 6.040
//-collider2
COOBB Y 9.46154500 -100.87870000 4.71271700 9.13192000 -100.87870000 3.76860500 10.82546000 -100.87870000 4.23652200 10.41840000
//-collider34
COOBB Y -23.32227000 -112.05000000 175.53530000 -23.51034000 -112.05000000 175.99860000 -34.15053000 -112.05000000 171.13930000 10.00000000
//-collider0
COOBB Y -30.19354000 -95.60855000 -23.25876000 -30.19857000 -95.60855000 -22.75879000 -32.74505000 -95.60855000 -23.28443000 10.00000000
//Cube
COOBB N -11.56684000 -112.23880000 83.95766000 -11.46086000 -112.23880000 83.63460000 -8.30771300 -112.23880000 85.02681000 10.00000000
//-collider67
COOBB Y 35.74185000 -93.99405000 -68.60277000 36.17916000 -93.99405000 -68.36035000 32.86190000 -93.99405000 -63.40738000 12.54355000
//-collider16
COOBB Y 3.98109100 -111.43340000 121.12130000 4.04812500 -111.43340000 121.61680000 0.26567170 -111.43340000 121.62400000 10.00000000
//-collider47
COOBB Y -25.95543000 -112.05000000 128.58820000 -26.03264000 -112.05000000 129.08220000 -28.69964000 -112.05000000 128.15930000 10.00000000
//-collider9
COOBB Y -27.01225000 -93.56033000 0.72555640 -26.96640000 -93.56033000 1.22344900 -31.43895000 -93.56033000 1.13324000 10.00000000
//collider2
COOBB N -26.69252000 -96.62865000 -35.51515000 -27.09128000 -96.62865000 -35.81680000 -23.54966000 -96.62865000 -39.66979000 10.00000000
//-collider52
COOBB Y -30.85926000 -112.05000000 113.21030000 -30.78970000 -112.05000000 112.71520000 -29.96236000 -112.05000000 113.33630000 10.00000000
//-collider30
COOBB Y 43.70327000 -106.51860000 48.04417000 43.74919000 -106.51860000 47.54628000 45.34964000 -106.51860000 48.19603000 10.00000000
//-collider13
COOBB Y 12.35808000 -111.43340000 122.17780000 12.13652000 -111.43340000 122.62600000 7.79632900 -111.43340000 119.92290000 10.00000000
//-collider0
COOBB Y -7.70199000 -111.49430000 91.48298000 -7.23802900 -111.49430000 91.29659000 -6.32341900 -111.49430000 94.91456000 4.00000000
//-collider5
COOBB Y -5.50498700 -111.49430000 90.50589000 -5.30844300 -111.49430000 90.96564000 -7.72688100 -111.49430000 91.45575000 4.00000000
//-collider14
COOBB Y 57.32898000 -93.19418000 -29.73749000 57.78286000 -93.19418000 -29.94723000 58.55551000 -93.19418000 -27.08329000 10.00000000
//-collider5
COOBB Y 2.93945300 -103.75960000 16.43590000 3.43937700 -103.75960000 16.42714000 3.01654100 -103.75960000 20.83748000 12.76898000
//-collider10
COOBB Y 16.99407000 -112.05000000 105.34430000 17.47803000 -112.05000000 105.21870000 17.56664000 -112.05000000 107.55010000 10.00000000
//-collider12
COOBB Y -23.03043000 -112.05000000 108.07670000 -22.75808000 -112.05000000 108.49600000 -24.29424000 -112.05000000 108.89750000 10.00000000
//-collider19
COOBB Y 9.12788300 -80.41918000 -80.05952000 9.12218100 -80.41918000 -79.55955000 -9.38760800 -80.41918000 -80.27068000 10.00000000
//-collider7
COOBB Y 9.65771100 -111.18150000 85.00127000 9.61583700 -111.18150000 84.50303000 15.82623000 -111.18150000 84.48284000 10.00000000
//-collider58
COOBB Y -36.73422000 -112.05000000 95.95195000 -37.18226000 -112.05000000 95.73001000 -35.14356000 -112.05000000 92.74072000 10.00000000
//-collider26
COOBB Y -35.13352000 -93.27937000 -59.33820000 -35.53965000 -93.27937000 -59.62985000 -33.93214000 -93.27937000 -61.01117000 10.00000000
//-collider6
COOBB Y 17.75470000 -111.43340000 125.95940000 17.27309000 -111.43340000 125.82500000 19.63360000 -111.43340000 119.22480000 10.00000000
//tree_collider
COAACYLINDER N 67.929 -84.669 6.116 1.190 6.040
//-collider53
COOBB Y 7.45069000 -110.71250000 80.05378000 6.96027200 -110.71250000 80.15120000 7.33561100 -110.71250000 79.47444000 10.00000000
//-collider25
COOBB Y 26.48891000 -108.70300000 43.62290000 26.47863000 -108.70300000 44.12280000 25.06118000 -108.70300000 43.59354000 10.00000000
//-collider29
COOBB Y -28.16185000 -95.80318000 -69.19059000 -27.76359000 -95.80318000 -69.49289000 -24.95329000 -95.80318000 -64.96352000 12.30692000
//-collider82
COOBB Y 53.87959000 -84.87827000 13.90760000 53.59236000 -84.87827000 14.31687000 44.75375000 -84.87827000 7.50283400 10.00000000
//-collider81
COOBB Y 67.27553000 -85.28928000 23.17714000 66.99102000 -85.28928000 23.58830000 53.87960000 -85.28928000 13.90761000 10.41101000
//-collider29
COOBB Y 68.80617000 -83.79282000 -27.39795000 68.60706000 -83.79282000 -27.85660000 74.28740000 -83.79282000 -29.77759000 10.00000000
//-collider37
COOBB Y 25.85995000 -108.86150000 60.30441000 26.35973000 -108.86150000 60.31944000 25.76391000 -108.86150000 63.49706000 10.00000000
//tree_collider
COAACYLINDER N 79.959 -84.669 -25.534 1.190 6.040
//-collider2
COOBB Y 4.00865900 -100.99060000 9.04810100 4.11922800 -100.99060000 8.56048000 4.84322000 -100.99060000 9.23734100 10.00000000
//-collider111
COOBB Y 26.05916000 -95.77946000 -4.91828100 26.32727000 -95.77946000 -4.49624100 23.79662000 -95.77946000 -3.48096300 10.00000000
//collider36
COOBB N -26.46112000 -112.05000000 152.91350000 -26.91584000 -112.05000000 152.70560000 -20.37364000 -112.05000000 139.59970000 10.00000000
//-collider43
COOBB Y 14.79703000 -110.25880000 66.43735000 14.77237000 -110.25880000 66.93674000 8.08156200 -110.25880000 66.10571000 10.00000000
//-collider16
COOBB Y -21.90811000 -101.34510000 -28.54688000 -20.95350000 -101.34510000 -28.24900000 -23.18384000 -101.34510000 -24.45847000 10.00000000
//-collider66
COOBB Y -28.70823000 -112.05000000 77.43711000 -28.48104000 -112.05000000 76.99171000 -25.29940000 -112.05000000 79.17592000 10.00000000
//tree_collider
COAACYLINDER N -16.146 -101.309 -1.697 0.530 7.360
//-collider14
COOBB Y 11.72611000 -108.70980000 56.31151000 11.85010000 -108.70980000 55.82713000 13.11922000 -108.70980000 56.66811000 10.10271000
//Cube
COOBB N -33.18600000 -112.38870000 96.27854000 -31.72709000 -112.38870000 96.88515000 -34.24949000 -112.38870000 98.83625000 10.00000000
//-collider76
COOBB Y 30.99491000 -95.86371000 -46.81826000 31.44066000 -95.86371000 -47.04477000 34.13721000 -95.86371000 -40.63440000 10.00000000
//-collider83
COOBB Y 44.75377000 -84.87827000 7.50285500 44.25650000 -84.87827000 7.45059200 44.99064000 -84.87827000 5.24908400 10.00000000
//-collider5
COOBB Y 7.74213900 -111.18150000 86.21252000 7.59827100 -111.18150000 85.73367000 9.70112100 -111.18150000 85.62396000 10.00000000
//-collider13
COOBB Y -29.77578000 -101.34510000 -23.25960000 -30.77340000 -101.34510000 -23.32864000 -29.59466000 -101.34510000 -25.87653000 10.00000000
//-collider8
COOBB Y 20.72942000 -95.80318000 -69.85123000 21.13058000 -95.80318000 -70.14967000 25.52285000 -95.80318000 -63.40819000 10.00000000
//-collider15
COAABB Y -54.634 -93.140 -23.121 -53.142 -83.140 -22.609
//collider0
COOBB N 19.47769000 -100.51570000 -11.10805000 19.93260000 -100.51570000 -10.90055000 17.42352000 -100.51570000 -6.60464300 5.00000000
//collider1
COOBB N -10.16692000 -111.26620000 106.27290000 -9.86466400 -111.26620000 105.87450000 -9.71726000 -111.26620000 106.61410000 4.00000000
//-collider74
COOBB Y 25.59472000 -95.86371000 -49.25716000 25.37130000 -95.86371000 -49.70446000 27.51654000 -95.86371000 -50.21711000 10.00000000
//-collider70
COOBB Y -21.16060000 -112.05000000 76.14903000 -20.96253000 -112.05000000 75.68993000 -16.17237000 -112.05000000 78.30112000 10.00000000
//collider12
COOBB N 29.48929000 -100.87870000 -26.27557000 28.52147000 -100.87870000 -26.02396000 27.94837000 -100.87870000 -32.20279000 10.00000000
//-collider47
COOBB Y 64.67942000 -72.17199000 -56.53891000 64.22550000 -72.17199000 -56.32924000 57.81873000 -72.17199000 -71.39195000 10.00000000
//-collider22
COOBB Y -49.92857000 -90.70538000 -49.95071000 -50.38271000 -90.70538000 -50.15989000 -49.27152000 -90.70538000 -51.37727000 10.00000000
//-collider39
COOBB Y -19.09521000 -112.05000000 123.90000000 -19.01370000 -112.05000000 124.39330000 -21.00356000 -112.05000000 124.21530000 10.00000000
//-collider0
COOBB Y 5.08817200 -101.10560000 6.08902800 5.15778400 -101.10560000 6.58415900 4.05322900 -101.10560000 6.23453600 10.11497000
//-collider13
COOBB Y 31.43223000 -85.99683000 -82.42661000 31.48876000 -85.99683000 -81.92981000 24.45165000 -85.99683000 -81.63222000 10.13397000
//-collider17
COOBB Y -23.25017000 -112.05000000 124.31740000 -23.74893000 -112.05000000 124.28230000 -22.91218000 -112.05000000 119.51320000 10.00000000
//-collider48
COOBB Y 13.95699000 -110.71250000 67.89161000 14.45651000 -110.71250000 67.86973000 14.12212000 -110.71250000 71.66091000 10.45367000
//-collider84
COOBB Y 44.99064000 -84.87827000 5.24908500 44.91984000 -84.87827000 5.74404800 43.57679000 -84.87827000 5.04684600 10.00000000
//-collider1
COOBB Y -6.55750200 -101.34510000 5.12124700 -7.09651800 -101.34510000 5.96354200 -9.46007700 -101.34510000 3.26378300 10.00000000
//-collider43
COOBB Y 76.23325000 -72.17199000 -32.25650000 75.78011000 -72.17199000 -32.04517000 69.43527000 -72.17199000 -46.83255000 10.00000000
//-collider0
COOBB Y 27.39244000 -101.49030000 -15.96113000 26.40967000 -101.49030000 -16.14599000 28.31562000 -101.49030000 -20.86905000 6.30999800
//-collider39
COOBB Y 22.81967000 -109.51870000 63.53352000 22.93538000 -109.51870000 64.01994000 19.85391000 -109.51870000 64.23906000 10.65718000
//-collider6
COOBB Y -35.94201000 -93.20562000 -9.49247700 -36.18646000 -93.20562000 -9.05630700 -37.21267000 -93.20562000 -10.20460000 10.00000000
//-collider23
COOBB Y -46.15956000 -93.11337000 -8.78351500 -46.04368000 -93.11337000 -8.29713000 -49.35297000 -93.11337000 -8.02266400 10.00000000
//-collider42
COAABB Y 14.787 -110.259 64.689 15.297 -100.259 66.437
//tree_collider
COAACYLINDER N 45.050 -92.785 -27.336 0.850 3.062
//Cube
COAABB N 30.959 -107.400 54.339 31.961 -97.400 55.341
//-collider16
COOBB Y -26.83890000 -112.05000000 123.98100000 -26.79223000 -112.05000000 123.48320000 -23.25017000 -112.05000000 124.31740000 10.00000000
//-collider17
COOBB Y 13.74814000 -80.41918000 -71.24976000 13.80970000 -80.41918000 -70.75356000 9.37778100 -80.41918000 -70.70749000 10.00000000
//Cube
COOBB N 10.62704000 -110.46880000 72.10298000 10.71969000 -110.46880000 70.36546000 11.54574000 -110.46880000 72.15197000 10.00000000
//-collider13
COOBB Y 20.97809000 -112.05000000 105.17860000 20.90378000 -112.05000000 104.68410000 21.57249000 -112.05000000 105.08930000 10.00000000
//-collider53
COAABB Y 43.380 -84.430 -98.594 43.940 -68.604 -85.409
//-collider4
COOBB Y -18.40328000 -101.34510000 -1.43667900 -18.70793000 -101.34510000 -0.48421620 -19.82117000 -101.34510000 -1.89020400 10.00000000
//collider4
COOBB N -6.44196600 -111.26620000 107.18490000 -6.74085400 -111.26620000 106.78400000 -4.44959100 -111.26620000 105.69920000 4.00000000
//-banker_collider
COAACYLINDER Y -39.625 -92.306 -0.110 0.524 1.923
//-collider41
COOBB Y 97.60956000 -78.51414000 -20.35340000 97.29411000 -78.51414000 -19.96547000 79.17820000 -78.51414000 -35.34154000 16.34215000
//-collider2
COAABB Y 10.281 -112.050 97.995 10.799 -102.050 102.090
//-collider53
COOBB Y 50.46233000 -83.35704000 -86.92197000 49.96243000 -83.35704000 -86.93208000 50.58852000 -83.35704000 -93.15984000 10.00000000
//tree_collider
COAACYLINDER N 40.890 -92.747 -45.476 0.890 2.487
//-collider36
COOBB Y -27.01064000 -95.64417000 -51.42110000 -27.22534000 -95.64417000 -51.87265000 -25.92869000 -95.64417000 -51.93555000 10.00000000
//-collider2
COOBB Y 32.57710000 -93.16756000 -48.35760000 32.22999000 -93.16756000 -47.99772000 27.58555000 -93.16756000 -53.17199000 10.00000000
//-collider16
COAABB Y 13.748 -80.419 -86.279 14.317 -70.419 -71.247
//collider8
COOBB N 26.03225000 -100.87870000 -6.10188200 25.12707000 -100.87870000 -6.52690300 27.84182000 -100.87870000 -9.95579400 10.00000000
//tree_collider
COAACYLINDER N -25.821 -100.829 -18.324 1.010 6.400
//-collider23
COOBB Y 65.93591000 -85.58411000 -14.66415000 66.28825000 -85.58411000 -14.30938000 63.91095000 -85.58411000 -12.65309000 10.00000000
//-collider44
COOBB Y 69.43526000 -72.17199000 -46.83255000 69.20208000 -72.17199000 -47.27484000 71.27813000 -72.17199000 -47.80415000 10.00000000
//-collider2
COOBB Y 27.78332000 -101.49030000 -25.98554000 26.83519000 -101.49030000 -25.66767000 26.16736000 -101.49030000 -30.80551000 6.30999800
//-collider2
COOBB Y -24.70015000 -100.78090000 -35.15597000 -25.54428000 -100.78090000 -35.69212000 -22.92607000 -100.78090000 -37.94910000 6.19999700
//-collider19
COOBB Y 19.49665000 -108.06420000 47.94572000 19.47427000 -108.06420000 48.44521000 13.71282000 -108.06420000 47.68659000 10.15897000
//-collider37
COOBB Y 88.87969000 -83.79282000 -13.04752000 88.57350000 -83.79282000 -12.65224000 83.99045000 -83.79282000 -16.83473000 10.00000000
//-collider17
COOBB Y 15.95784000 -108.70980000 56.45439000 15.78715000 -108.70980000 55.98442000 20.49632000 -108.70980000 54.80601000 10.00000000
//-collider32
COOBB Y -19.79724000 -95.80318000 -67.70802000 -19.52745000 -95.80318000 -68.12898000 -17.62760000 -95.80318000 -66.31750000 10.00000000
//collider10
COOBB N -10.82505000 -111.26620000 102.07020000 -10.33003000 -111.26620000 102.14060000 -11.15274000 -111.26620000 104.37450000 4.00000000
//-collider0
COOBB Y -12.69518000 -112.05000000 86.39610000 -13.17771000 -112.05000000 86.26511000 -12.03016000 -112.05000000 83.94659000 10.00000000
//-collider18
COOBB Y 20.49631000 -108.70980000 54.80602000 20.00154000 -108.70980000 54.87812000 19.49665000 -108.70980000 47.94570000 10.64557000
//-collider68
COOBB Y -23.41862000 -112.05000000 78.87924000 -23.63169000 -112.05000000 78.42691000 -21.82359000 -112.05000000 78.12790000 10.00000000
//-collider12
COOBB Y 13.32787000 -111.43340000 119.17120000 13.80373000 -111.43340000 119.32470000 12.35809000 -111.43340000 122.17780000 10.00000000
//-collider28
COOBB Y -30.07979000 -93.49626000 -73.48112000 -29.62332000 -93.49626000 -73.68518000 -28.16185000 -93.49626000 -69.19058000 12.50684000
//-collider88
COOBB Y 38.25443000 -84.87827000 -4.47819600 37.93024000 -84.87827000 -4.85885500 39.25465000 -84.87827000 -5.33003400 10.00000000
//-collider75
COOBB Y 91.81181000 -77.55014000 -4.63796600 91.50907000 -77.55014000 -4.24003300 90.61292000 -77.55014000 -5.55005200 10.00000000
//-collider28
COOBB Y -7.09013100 -106.21120000 30.92182000 -7.58389600 -106.21120000 30.84311000 -5.54154700 -106.21120000 21.20826000 12.62047000
//-collider93
COOBB Y 52.35436000 -93.38170000 -24.42224000 51.87933000 -93.38170000 -24.26620000 51.89049000 -93.38170000 -25.83438000 10.00000000
//-collider80
COOBB Y -3.81754000 -112.05000000 81.79845000 -4.30723500 -112.05000000 81.69746000 -2.90484700 -112.05000000 77.37289000 10.00000000
//-collider61
COOBB Y 43.91801000 -86.49866000 -81.02791000 43.93016000 -86.49866000 -80.52806000 37.20831000 -86.49866000 -80.86478000 12.15401000
//-collider24
COOBB Y -45.42530000 -93.27937000 -49.43613000 -45.82399000 -93.27937000 -49.73787000 -36.89885000 -93.27937000 -60.70247000 10.00000000
//-collider2
COOBB Y -39.18359000 -93.20562000 -7.21759800 -38.88218000 -93.20562000 -7.61653600 -35.35117000 -93.20562000 -4.32206300 10.00000000
//tree_collider
COAACYLINDER N 10.639 -101.309 2.156 0.530 7.360
//collider9
COOBB N 27.84182000 -100.87870000 -9.95579500 26.89157000 -100.87870000 -10.26729000 29.60250000 -100.87870000 -15.32703000 10.00000000
//-collider92
COOBB Y 45.41863000 -93.38170000 -21.54332000 45.22695000 -93.38170000 -22.00511000 52.35437000 -93.38170000 -24.42224000 12.68069000
//-collider10
COOBB Y -0.04048374 -109.16060000 59.49580000 -0.07330155 -109.16060000 58.99688000 0.98670790 -109.16060000 59.42823000 10.55356000
//-collider4
COOBB Y -4.44336200 -111.49430000 94.96996000 -4.92979600 -111.49430000 95.08563000 -5.50497300 -111.49430000 90.50589000 4.00000000
//-collider57
COOBB Y -38.70733000 -112.05000000 101.14810000 -39.17476000 -112.05000000 100.97060000 -36.73422000 -112.05000000 95.95194000 10.00000000
//-collider57
COOBB Y 55.21110000 -84.53424000 -73.05404000 55.46310000 -84.53424000 -72.62218000 53.53030000 -84.53424000 -72.07325000 10.00000000
//-collider1
COOBB Y -32.74506000 -95.60855000 -23.28443000 -32.33840000 -95.60855000 -22.99352000 -34.54974000 -95.60855000 -20.76175000 12.04822000
//-collider2
COOBB Y 23.36237000 -100.51570000 -3.97916800 22.90199000 -100.51570000 -4.17423900 28.40677000 -100.51570000 -15.88423000 5.00000000
//-collider4
COOBB Y -19.84241000 -100.78090000 -41.43042000 -20.42928000 -100.78090000 -42.24010000 -15.61767000 -100.78090000 -44.49256000 6.19999700
//-collider3
COOBB Y -35.35116000 -93.20562000 -4.32206200 -35.64988000 -93.20562000 -4.72301800 -34.62663000 -93.20562000 -4.86185100 10.00000000
//-collider1
COOBB Y -14.65729000 -103.10670000 -30.66032000 -15.06586000 -103.10670000 -29.74760000 -24.70014000 -103.10670000 -35.15596000 8.52580300
//-collider48
COOBB Y -28.69963000 -112.05000000 128.15930000 -29.19467000 -112.05000000 128.08910000 -28.56108000 -112.05000000 127.18280000 10.00000000
//-collider67
COOBB Y -25.29942000 -112.05000000 79.17590000 -25.37732000 -112.05000000 78.68201000 -23.41862000 -112.05000000 78.87924000 10.00000000
//-collider22
COOBB Y 9.23092200 -112.05000000 89.47377000 9.32523300 -112.05000000 88.98274000 11.20539000 -112.05000000 89.85301000 10.00000000
//-collider0
COOBB Y 32.09235000 -95.86371000 -39.21675000 31.86650000 -95.86371000 -39.66283000 36.93030000 -95.86371000 -41.66618000 12.69615000
//-collider12
COOBB Y -27.60548000 -101.34510000 -21.16954000 -28.29914000 -101.34510000 -20.44925000 -29.77576000 -101.34510000 -23.25960000 10.00000000
//-collider4
COOBB Y 15.61345000 -111.43340000 128.91920000 15.15604000 -111.43340000 129.12110000 14.79985000 -111.43340000 127.07600000 10.00000000
//-collider1
COOBB Y 7.95924400 -95.80318000 -78.66816000 8.45916700 -95.80318000 -78.67695000 8.12114000 -95.80318000 -69.46191000 10.00000000
//-collider10
COOBB Y 28.79291000 -94.30321000 -67.37727000 28.32997000 -94.30321000 -67.56618000 30.52585000 -94.30321000 -71.62401000 13.43469000
//-collider72
COOBB Y 23.32699000 -95.86371000 -56.09118000 23.82201000 -95.86371000 -56.02081000 22.63503000 -95.86371000 -51.22370000 10.00000000
//-collider13
COOBB Y 11.46206000 -108.60710000 55.31773000 11.94530000 -108.60710000 55.18934000 11.72610000 -108.60710000 56.31152000 10.00000000
//-collider79
COOBB Y -9.46221900 -112.05000000 80.99474000 -9.39173900 -112.05000000 80.49973000 -3.81753600 -112.05000000 81.79845000 10.00000000
//-collider61
COOBB Y -21.28604000 -112.05000000 93.84011000 -21.78545000 -112.05000000 93.86433000 -21.36517000 -112.05000000 92.20803000 10.00000000
//-collider21
COOBB Y 13.51144000 -107.69970000 48.86792000 13.60654000 -107.69970000 49.35879000 10.98585000 -107.69970000 49.35721000 10.21982000
//collider1
COOBB N -15.25706000 -100.94310000 -30.55891000 -15.45589000 -100.94310000 -30.10015000 -26.69253000 -100.94310000 -35.51515000 14.31442000
//-collider3
COOBB Y -46.51981000 -93.17467000 -19.32657000 -46.03362000 -93.17467000 -19.44325000 -46.16012000 -93.17467000 -17.82785000 10.03976000
//-collider90
COOBB Y 42.60909000 -90.70100000 -18.28197000 42.36557000 -90.70100000 -18.71866000 43.98803000 -90.70100000 -19.05097000 10.00000000
//-collider4
COOBB Y -46.16012000 -93.19660000 -17.82785000 -46.21743000 -93.19660000 -18.32455000 -44.05910000 -93.19660000 -18.07028000 10.06171000
//-collider6
COOBB Y -44.12365000 -93.19661000 -19.18293000 -44.14985000 -93.19661000 -19.68224000 -41.10397000 -93.19661000 -19.34136000 10.12009000
//-collider1
COOBB Y -3.73481500 -111.25170000 75.33542000 -4.07392800 -111.25170000 75.70284000 -5.71765200 -111.25170000 73.50538000 10.62302000
//tree_collider
COAACYLINDER N 56.980 -91.996 -36.284 1.070 3.414
//-collider30
COOBB Y -28.75978000 -93.27937000 -53.24365000 -28.40884000 -93.27937000 -52.88750000 -33.79393000 -93.27937000 -48.28312000 10.00000000
//-collider7
COOBB Y 19.63361000 -111.43340000 119.22480000 19.21209000 -111.43340000 119.49380000 17.75482000 -111.43340000 116.28000000 10.00000000
//-collider3
COOBB Y 4.84322100 -100.99060000 9.23732500 5.33983700 -100.99060000 9.29540500 4.04222800 -100.99060000 16.08612000 10.00000000
//-collider75
COOBB Y 27.51654000 -95.86371000 -50.21711000 27.86598000 -95.86371000 -50.57472000 30.99490000 -95.86371000 -46.81825000 10.00000000
//-collider53
COOBB Y -29.96235000 -112.05000000 113.33630000 -30.43608000 -112.05000000 113.17640000 -27.92255000 -112.05000000 107.29510000 10.00000000
//-collider99
COOBB Y 35.33421000 -96.09068000 -32.81911000 35.11050000 -96.09068000 -33.26627000 37.60707000 -96.09068000 -33.95621000 10.00000000
//-collider61
COOBB Y 68.18765000 -72.30098000 -70.65308000 68.63722000 -72.30098000 -70.87191000 73.13828000 -72.30098000 -60.48242000 10.00000000
//collider4
COOBB N -20.19877000 -96.62865000 -43.26987000 -20.48057000 -96.62865000 -43.68289000 -15.88492000 -96.62865000 -46.21323000 10.00000000
//-collider25
COOBB Y 14.63498000 -112.05000000 139.12930000 14.41421000 -112.05000000 139.57790000 -1.52210900 -112.05000000 131.17860000 10.67740000
//-collider91
COOBB Y 43.98802000 -90.70100000 -19.05097000 43.55438000 -90.70100000 -19.29988000 45.41863000 -90.70100000 -21.54332000 10.00000000
//-collider1
COOBB Y 6.90560200 -100.87870000 4.88187400 6.83956300 -100.87870000 3.88405700 9.46153800 -100.87870000 4.71271500 10.00000000
//-collider45
COOBB Y 8.02571500 -110.25880000 66.69896000 8.05826600 -110.25880000 66.20002000 12.51719000 -110.25880000 66.99200000 10.00000000
//-collider3
COOBB Y -11.82707000 -101.34510000 3.06497900 -12.39194000 -101.34510000 3.89015900 -18.40327000 -101.34510000 -1.43669900 10.00000000
//-collider20
COOBB Y 17.55774000 -108.28870000 40.21915000 17.50543000 -108.28870000 39.72189000 25.84337000 -108.28870000 39.34766000 10.99356000
//-collider56
COOBB Y 59.66431000 -84.53424000 -73.30566000 59.69251000 -84.53424000 -72.80645000 55.21110000 -84.53424000 -73.05404000 10.00000000
//-collider96
COOBB Y 42.61342000 -93.38170000 -23.98002000 42.12259000 -93.38170000 -23.88471000 41.81020000 -93.38170000 -28.11627000 10.00000000
//-collider0
COOBB Y 70.55154000 -84.61019000 -11.00282000 70.88817000 -84.61019000 -10.63312000 69.26019000 -84.61019000 -9.82702700 10.00000000
//-collider23
COOBB Y -49.27152000 -93.27936000 -51.37727000 -49.04625000 -93.27936000 -51.82364000 -45.42528000 -93.27936000 -49.43612000 12.57397000
//-collider1
COOBB Y 69.92757000 -84.61019000 -9.83229300 69.59682000 -84.61019000 -9.45731900 64.90716000 -84.61019000 -14.26059000 10.00000000
//collider10
COOBB N 10.07612000 -96.62865000 -48.56557000 10.27197000 -96.62865000 -49.02562000 14.86705000 -96.62865000 -46.52596000 10.00000000
//-collider11
COOBB Y 0.98669860 -108.60710000 59.42824000 0.66932110 -108.60710000 59.04189000 2.82950400 -108.60710000 57.91444000 10.00000000
//-collider103
COOBB Y 38.51455000 -96.36525000 -23.09060000 39.01300000 -96.36525000 -23.05124000 38.27425000 -96.36525000 -20.04783000 10.00000000
//-collider59
COOBB Y 66.37651000 -72.30098000 -72.99718000 66.87591000 -72.30098000 -73.02172000 66.47561000 -72.30098000 -70.98127000 10.00000000
//-collider11
COOBB Y 22.52949000 -110.50410000 87.89515000 22.47506000 -110.50410000 87.39812000 25.93801000 -110.50410000 87.52189000 10.00000000
//-collider27
COAABB Y 25.068 -108.703 43.635 40.971 -96.350 44.188
//-collider35
COOBB Y -5.40976200 -100.65360000 6.28450900 -5.46226200 -100.65360000 6.78174500 -6.37515600 -100.65360000 6.18258000 10.00000000
//-collider0
COOBB Y -8.25196400 -95.80318000 -78.90591000 -8.24463100 -95.80318000 -79.40585000 7.95921500 -95.80318000 -78.66815000 10.00000000
//-collider55
COOBB Y 59.89260000 -84.53424000 -93.15588000 60.39257000 -84.53424000 -93.15012000 59.66430000 -84.53424000 -73.30566000 11.17720000
//-collider41
COOBB Y 17.66933000 -110.25880000 63.82334000 17.81361000 -110.25880000 64.30206000 14.78659000 -110.25880000 64.69217000 10.74010000
//-collider74
COOBB Y -13.08847000 -112.05000000 76.78779000 -13.57466000 -112.05000000 76.67107000 -12.78943000 -112.05000000 75.54209000 10.00000000
//-collider43
COOBB Y -20.74677000 -112.05000000 130.50690000 -20.73258000 -112.05000000 131.00670000 -22.18040000 -112.05000000 130.54760000 10.00000000
//-collider22
COOBB Y 62.84481000 -85.58411000 -21.40984000 63.29936000 -85.58411000 -21.61813000 65.93591000 -85.58411000 -14.66413000 10.00000000
//tree_collider
COAACYLINDER N 57.039 -84.179 -90.944 1.340 5.740
//-collider13
COOBB Y 27.94838000 -100.87870000 -32.20279000 28.30954000 -100.87870000 -31.27029000 19.78609000 -100.87870000 -29.04151000 10.00000000
//-collider2
COOBB Y -17.78048000 -112.05000000 118.84030000 -17.98448000 -112.05000000 119.29680000 -19.58158000 -112.05000000 118.03550000 10.02913000
//-collider5
COOBB Y -30.67322000 -93.56033000 -16.74734000 -30.18337000 -93.56033000 -16.84759000 -30.27237000 -93.56033000 -14.78873000 10.00000000
//collider
COAACYLINDER N 37.594 -107.514 57.375 0.450 2.680
//-collider32
COOBB Y 76.09523000 -83.79282000 -28.51046000 75.70959000 -83.79282000 -28.82870000 77.46810000 -83.79282000 -30.17411000 10.00000000
//-collider17
COOBB Y 61.76199000 -93.19418000 -23.19141000 61.96125000 -93.19418000 -22.73283000 49.50752000 -93.19418000 -17.86672000 12.79024000
//-collider10
COOBB Y -31.43894000 -93.56033000 1.13323400 -31.84641000 -93.56033000 1.42301300 -33.30882000 -93.56033000 -1.49604200 10.00000000
//tree_collider
COAACYLINDER N 89.909 -84.669 -21.184 1.190 6.040
//collider9
COOBB N -9.19133100 -111.26620000 100.52650000 -8.84793300 -111.26620000 100.89000000 -10.82506000 -111.26620000 102.07020000 4.00000000
//-collider78
COOBB Y 78.62713000 -85.44761000 -12.42980000 79.02225000 -85.44761000 -12.12340000 73.58083000 -85.44761000 -5.92247200 11.95146000
//tree_collider
COAACYLINDER N 15.549 -101.309 -1.864 0.530 7.360
//-collider21
COOBB Y -9.19416600 -80.41918000 -71.38690000 -9.19905200 -80.41918000 -70.88693000 -14.28491000 -80.41918000 -71.43665000 10.00000000
//-collider15
COOBB Y -38.65972000 -93.11337000 0.60906390 -38.16587000 -93.11337000 0.68723060 -39.33367000 -93.11337000 4.86703000 10.00000000
//-collider20
COOBB Y -9.38761300 -80.41918000 -80.27068000 -8.88773200 -80.41918000 -80.28156000 -9.19416200 -80.41918000 -71.38691000 10.00000000
//-collider20
COOBB Y 47.02617000 -85.58411000 -1.33846100 46.53812000 -85.58411000 -1.44712900 50.41054000 -85.58411000 -16.53825000 10.00000000
//-collider70
COOBB Y 26.33042000 -95.86371000 -56.05037000 25.90512000 -95.86371000 -55.78746000 25.52791000 -95.86371000 -57.34858000 10.00000000
//-collider64
COOBB Y 34.85547000 -88.91251000 -74.72037000 35.33638000 -88.91251000 -74.85720000 35.12912000 -88.91251000 -73.75857000 10.00000000
//collider
COAACYLINDER N -11.406 -112.712 108.555 0.450 2.680
//-collider63
COOBB Y 37.16496000 -88.91251000 -75.48895000 37.32284000 -88.91251000 -75.01453000 34.85549000 -88.91251000 -74.72038000 10.00000000
//-collider95
COOBB Y 44.12286000 -93.38170000 -22.68450000 43.79722000 -93.38170000 -22.30509000 42.61344000 -93.38170000 -23.98002000 10.00000000
//-collider22
COOBB Y 10.98586000 -107.69970000 49.35722000 10.82259000 -107.69970000 49.82980000 2.01632800 -107.69970000 46.25833000 10.81055000
//-collider11
COOBB Y 7.46651800 -106.85650000 29.27077000 7.31450200 -106.85650000 28.79444000 11.30365000 -106.85650000 28.04619000 10.00000000
//collider6
COOBB N -11.41025000 -96.62865000 -48.46609000 -11.53683000 -96.62865000 -48.94980000 -6.09477800 -96.62865000 -49.85705000 10.00000000
//-collider5
COOBB Y 48.64370000 -84.61019000 -3.19523200 48.56329000 -84.61019000 -2.70174000 47.36922000 -84.61019000 -3.40290500 10.00000000
//-collider16
COOBB Y 21.11735000 -112.05000000 97.18288000 21.01405000 -112.05000000 97.67210000 20.32026000 -112.05000000 97.01458000 10.00000000
//-collider49
COOBB Y 14.12212000 -110.71250000 71.66093000 14.54705000 -110.71250000 71.39743000 15.14587000 -110.71250000 73.31183000 10.00000000
//-collider69
COOBB Y 29.37458000 -95.86371000 -58.14223000 29.65775000 -95.86371000 -57.73014000 26.33042000 -95.86371000 -56.05037000 10.00000000
//-collider8
COOBB Y 51.36132000 -93.19418000 -54.55646000 51.81331000 -93.19418000 -54.77024000 59.27087000 -93.19418000 -37.83379000 10.00000000
//-collider52
COOBB Y 49.74916000 -83.35704000 -86.88904000 49.72610000 -83.35704000 -87.38850000 50.46233000 -83.35704000 -86.92197000 10.00000000
//-collider3
COOBB Y 8.03692000 -111.18150000 83.58034000 8.49221100 -111.18150000 83.78700000 7.28511700 -111.18150000 85.23662000 10.00000000
//-collider44
COOBB Y -35.19458000 -91.56636000 -70.16920000 -35.68742000 -91.56636000 -70.08488000 -36.38998000 -91.56636000 -77.15587000 13.83919000
//-collider18
COOBB Y 20.20070000 -112.05000000 91.52682000 20.24142000 -112.05000000 92.02515000 15.84517000 -112.05000000 91.88271000 10.00000000
//-collider54
COAABB Y 50.589 -83.357 -93.660 59.893 -73.357 -93.156
//-collider23
COOBB Y -14.15814000 -86.49323000 -87.79485000 -14.17162000 -86.49323000 -87.29504000 -23.92239000 -86.49323000 -88.05814000 16.07405000
//-collider11
COOBB Y -40.47415000 -93.31071000 -36.70146000 -39.99363000 -93.31071000 -36.56326000 -43.11781000 -93.31071000 -27.50942000 10.00000000
//-collider4
COOBB Y 17.38133000 -112.05000000 97.61234000 17.87967000 -112.05000000 97.57164000 17.61967000 -112.05000000 100.53090000 10.00000000
//Cube
COOBB N 10.16724000 -112.23880000 115.80590000 11.11852000 -112.23880000 116.11420000 9.85891400 -112.23880000 116.75720000 10.00000000
//-collider14
COOBB Y 15.88908000 -107.29510000 32.23853000 16.38635000 -107.29510000 32.29073000 15.31334000 -107.29510000 37.72334000 10.00000000
//-collider27
COOBB Y -33.93213000 -93.27937000 -61.01117000 -33.54231000 -93.27937000 -61.32428000 -29.73456000 -93.27937000 -55.78513000 10.00000000
//-collider9
COOBB Y -17.71820000 -112.05000000 89.17486000 -17.74770000 -112.05000000 88.67573000 -14.66064000 -112.05000000 88.99410000 10.00000000
//tree_collider
COAACYLINDER N 34.350 -93.626 -51.816 1.310 2.965
//-collider12
COOBB Y 21.12538000 -112.05000000 108.26990000 20.62595000 -112.05000000 108.29370000 20.97810000 -112.05000000 105.17860000 10.00000000
//-collider5
COOBB Y 19.86914000 -100.87870000 -2.81695300 19.31838000 -100.87870000 -3.65161800 21.45071000 -100.87870000 -3.86055800 10.00000000
//-collider16
COOBB Y -39.33367000 -93.11337000 4.86703300 -39.77104000 -93.11337000 5.10933200 -44.51947000 -93.11337000 -4.49376200 10.00000000
//-collider6
COOBB Y 3.01654500 -103.75960000 20.83748000 3.15308600 -103.75960000 20.35649000 3.92764800 -103.75960000 21.09612000 10.00000000
//-collider6
COOBB Y 18.73181000 -112.05000000 103.19830000 19.12090000 -112.05000000 102.88420000 19.69226000 -112.05000000 104.38830000 10.00000000
//-collider15
COOBB Y 13.11921000 -108.70980000 56.66811000 12.91269000 -108.70980000 56.21275000 13.92686000 -108.70980000 56.30180000 10.00000000
//collider8
COOBB N -7.02880400 -111.26620000 100.19500000 -6.95302600 -111.26620000 100.68920000 -9.19133800 -111.26620000 100.52650000 4.00000000
//-collider6
COOBB Y -25.30374000 -112.05000000 86.24142000 -25.05070000 -112.05000000 85.81018000 -19.80685000 -112.05000000 89.46680000 10.00000000
//-collider14
COOBB Y -35.54565000 -93.56033000 0.34964870 -35.50414000 -93.56033000 0.84792260 -38.65973000 -93.56033000 0.60907820 10.44696000
//-collider34
COOBB Y -5.36877700 -100.65360000 9.15449700 -5.86872600 -100.65360000 9.16163600 -5.40976200 -100.65360000 6.28450000 10.00000000
//-collider25
COOBB Y 67.16399000 -85.58411000 -13.36053000 67.49656000 -85.58411000 -13.73389000 70.69837000 -85.58411000 -10.21216000 10.00000000
//-collider5
COOBB Y -17.08335000 -112.05000000 114.06990000 -17.57666000 -112.05000000 113.98840000 -16.78532000 -112.05000000 112.26630000 10.11652000
//-collider21
COOBB Y -55.48569000 -90.70538000 -52.36157000 -55.28669000 -90.70538000 -52.82027000 -49.92856000 -90.70538000 -49.95071000 10.00000000
//-collider14
COOBB Y -26.34480000 -112.05000000 114.76960000 -26.02377000 -112.05000000 114.38620000 -25.34071000 -112.05000000 115.61050000 10.00000000
//-collider26
COOBB Y 25.06119000 -108.70300000 43.59356000 25.56114000 -108.70300000 43.58624000 25.06989000 -108.70300000 44.18826000 10.00000000
//-collider3
COOBB Y -17.70303000 -112.05000000 81.53830000 -17.22447000 -112.05000000 81.68315000 -19.72955000 -112.05000000 88.23351000 10.00000000
//-collider10
COOBB Y -29.70454000 -101.34510000 -16.76239000 -30.29575000 -101.34510000 -17.56891000 -27.78773000 -101.34510000 -18.16748000 10.00000000
//-collider11
COOBB Y 17.56663000 -112.05000000 107.55010000 17.66576000 -112.05000000 107.06000000 21.12536000 -112.05000000 108.26990000 10.00000000
//-collider10
COOBB Y 22.98134000 -110.50410000 83.52628000 23.47869000 -110.50410000 83.57771000 22.52950000 -110.50410000 87.89516000 10.00000000
//-collider28
COOBB Y 40.97070000 -106.35000000 44.13495000 41.46373000 -106.35000000 44.05177000 41.34890000 -106.35000000 46.37691000 10.00000000
//-collider4
COOBB Y -32.44535000 -93.56033000 -16.97659000 -32.38120000 -93.56033000 -17.47246000 -30.67323000 -93.56033000 -16.74734000 10.00000000
//-collider16
COOBB Y 13.92686000 -108.70980000 56.30179000 13.96432000 -108.70980000 55.80319000 15.95784000 -108.70980000 56.45441000 10.00000000
//-collider52
COOBB Y 15.30478000 -110.71250000 80.59616000 15.27034000 -110.71250000 81.09497000 7.45068600 -110.71250000 80.05377000 10.00000000
//-collider39
COOBB Y -23.51623000 -95.64417000 -57.39876000 -23.82415000 -95.64417000 -57.00482000 -26.10061000 -95.64417000 -59.41881000 10.00000000
//tree_collider
COAACYLINDER N 50.010 -92.113 -38.034 1.070 3.649
//-collider25
COOBB Y -23.77589000 -86.49323000 -83.17278000 -23.79358000 -86.49323000 -82.67310000 -31.03676000 -86.49323000 -83.42975000 10.00000000
//-collider17
COOBB Y -50.02235000 -93.29556000 -40.07487000 -50.21420000 -93.29556000 -39.61315000 -54.19828000 -93.29556000 -41.81001000 12.59018000
//-collider66
COOBB Y 37.29398000 -91.45049000 -73.51103000 37.77071000 -91.45049000 -73.36028000 35.74185000 -91.45049000 -68.60277000 12.53798000
//-collider73
COOBB Y -15.01950000 -112.05000000 77.11153000 -15.10217000 -112.05000000 76.61842000 -13.08849000 -112.05000000 76.78780000 10.00000000
//-collider69
COOBB Y 77.34917000 -72.30098000 -50.76521000 77.79746000 -72.30098000 -50.98664000 82.43415000 -72.30098000 -40.47045000 10.05853000
//-collider32
COOBB Y 45.35494000 -106.41410000 57.96209000 45.31784000 -106.41410000 58.46070000 43.66689000 -106.41410000 57.83648000 10.00000000
//-collider11
COOBB Y 14.90910000 -111.43340000 117.51970000 15.27024000 -111.43340000 117.86550000 13.32785000 -111.43340000 119.17120000 10.00000000
//-collider5
COOBB Y 14.79986000 -111.43340000 127.07600000 14.62311000 -111.43340000 126.60830000 17.75469000 -111.43340000 125.95940000 10.00000000
//-collider33
COOBB Y 43.66689000 -106.41410000 57.83649000 43.89177000 -106.41410000 58.28307000 42.88089000 -106.41410000 58.23228000 10.00000000
//collider0
COOBB N -18.15591000 -100.94310000 -22.83754000 -18.62401000 -100.94310000 -23.01328000 -15.25708000 -100.94310000 -30.55891000 10.00000000
//Cube
COOBB N -23.63445000 -112.23880000 123.79230000 -23.29605000 -112.23880000 123.82520000 -23.96651000 -112.23880000 127.20620000 10.00000000
//-collider51
COAABB Y 37.070 -86.230 -99.520 37.672 -76.230 -85.463
//collider3
COOBB N 28.40677000 -100.51570000 -15.88423000 28.22201000 -100.51570000 -15.41962000 22.42275000 -100.51570000 -18.26394000 5.00000000
//-collider40
COOBB Y -26.10059000 -95.64417000 -59.41882000 -25.67778000 -95.64417000 -59.15193000 -26.83905000 -95.64417000 -58.24892000 10.00000000
//-collider19
COOBB Y 25.05827000 -111.37260000 117.16000000 24.99566000 -111.37260000 117.65600000 22.91577000 -111.37260000 116.88950000 10.00000000
//-collider15
COOBB Y -25.34068000 -112.05000000 115.61050000 -24.84851000 -112.05000000 115.69860000 -26.83889000 -112.05000000 123.98100000 10.00000000
//-collider14
COOBB Y 24.45168000 -85.99683000 -81.63223000 23.95364000 -85.99683000 -81.58789000 23.99831000 -85.99683000 -86.72548000 10.00000000
//-collider49
COOBB Y 8.99764300 -80.18874000 -95.52615000 8.49779400 -80.18874000 -95.51384000 8.91207200 -80.18874000 -98.99974000 10.00000000
//collider11
COOBB N 29.99365000 -100.87870000 -21.18709000 28.99852000 -100.87870000 -21.08846000 29.48932000 -100.87870000 -26.27557000 10.00000000
//-collider45
COOBB Y -36.38998000 -87.72717000 -77.15587000 -36.88991000 -87.72717000 -77.16456000 -35.98474000 -87.72717000 -100.47220000 11.30519000
//-collider22
COOBB Y 30.15220000 -108.70300000 39.30635000 30.64853000 -108.70300000 39.36681000 29.63362000 -108.70300000 43.56348000 10.41426000
//-collider5
COOBB Y -15.61768000 -100.78090000 -44.49256000 -16.06983000 -100.78090000 -45.38450000 -11.23209000 -100.78090000 -46.71572000 6.19999700
//-collider56
COAABB Y 46.124 -78.604 -100.974 67.420 -64.790 -100.451
//-collider29
COOBB Y 41.34890000 -106.51860000 46.37692000 41.63786000 -106.51860000 45.96887000 43.70328000 -106.51860000 48.04419000 10.16861000
//-collider70
COOBB Y 82.43417000 -72.24245000 -40.47045000 82.88778000 -72.24245000 -40.26011000 81.47713000 -72.24245000 -38.40651000 10.01463000
//-collider18
COOBB Y 9.37778700 -80.41918000 -70.70749000 8.87796600 -80.41918000 -70.69414000 9.12787800 -80.41918000 -80.05952000 10.00000000
//-collider50
COAABB Y 49.923 -77.822 -95.264 62.044 -65.125 -94.744
//-collider24
COOBB Y 63.91094000 -85.58411000 -12.65308000 63.80468000 -85.58411000 -13.14166000 67.16399000 -85.58411000 -13.36054000 10.00000000
//-collider8
COOBB Y -0.95646080 -109.16060000 61.68655000 -1.45441100 -109.16060000 61.64132000 -0.87998530 -109.16060000 60.84455000 10.00000000
//-collider14
COOBB Y -53.43291000 -93.13989000 -20.39340000 -53.93016000 -93.13989000 -20.44571000 -53.14600000 -93.13989000 -23.12100000 10.00000000
//tree_collider
COAACYLINDER N 54.439 -84.669 7.796 1.190 6.040
//-collider52
COAABB Y 37.172 -86.230 -85.963 43.943 -74.430 -85.411
//-collider36
COOBB Y 29.89312000 -108.86150000 59.81789000 29.95300000 -108.86150000 60.31429000 25.85995000 -108.86150000 60.30440000 12.44609000
//-collider17
COOBB Y -44.51946000 -93.11337000 -4.49376100 -44.94883000 -93.11337000 -4.74996100 -42.47553000 -93.11337000 -7.91925900 10.00000000
//-collider9
COOBB Y 14.72026000 -111.43340000 113.53850000 15.11544000 -111.43340000 113.84480000 13.09829000 -111.43340000 115.63100000 10.00000000
//Cube
COOBB N 7.76865300 -107.39880000 37.17427000 11.53477000 -107.39880000 37.49791000 7.75067300 -107.39880000 37.38350000 10.00000000
//collider
COAACYLINDER N -29.182 -96.724 -45.893 0.450 2.680
//-collider17
COOBB Y 0.26566960 -111.43340000 121.62400000 0.17200220 -111.43340000 122.11510000 -1.94212900 -111.43340000 121.20290000 10.00000000
//-collider57
COAABB Y 67.420 -74.790 -100.475 68.007 -62.301 -73.342
//-collider65
COOBB Y 74.66662000 -72.30098000 -59.24403000 75.11806000 -72.30098000 -59.45895000 77.54943000 -72.30098000 -53.18845000 10.00000000
//-collider13
COOBB Y -35.21499000 -93.56033000 3.27002400 -35.71181000 -93.56033000 3.32627600 -35.54565000 -93.56033000 0.34962690 10.00000000
//-collider60
COOBB Y 49.33857000 -84.53424000 -68.71241000 48.88093000 -84.53424000 -68.51099000 43.91800000 -84.53424000 -81.02791000 10.18959000
//Cube
COOBB N 14.78919000 -107.42580000 35.31129000 15.77712000 -107.42580000 35.46619000 14.63430000 -107.42580000 36.29922000 10.00000000
//-collider19
COOBB Y -42.41775000 -93.11337000 -9.17237700 -42.44283000 -93.11337000 -8.67300600 -43.89042000 -93.11337000 -9.24635100 10.00000000
//-collider19
COOBB Y 15.37528000 -107.29510000 39.49707000 15.53234000 -107.29510000 39.02237000 17.55774000 -107.29510000 40.21914000 10.00000000
//-collider4
COOBB Y -19.09451000 -111.99170000 114.34740000 -19.16285000 -111.99170000 113.85210000 -17.08338000 -111.99170000 114.06990000 10.05826000
//-collider76
COOBB Y -11.07969000 -112.05000000 76.25386000 -10.58112000 -112.05000000 76.29162000 -11.21049000 -112.05000000 77.98103000 10.00000000
//-collider23
COOBB Y 29.63360000 -108.70300000 43.56350000 29.60316000 -108.70300000 44.06257000 26.51792000 -108.70300000 43.37343000 10.00000000
//collider3
COOBB N -8.63641700 -111.26620000 107.10070000 -8.61724800 -111.26620000 106.60100000 -6.44197200 -111.26620000 107.18490000 4.00000000
//-collider34
COOBB Y -15.37875000 -95.80318000 -67.58932000 -15.72949000 -95.80318000 -67.94566000 -13.62878000 -95.80318000 -69.31177000 10.00000000
//-collider22
COOBB Y 22.47740000 -111.37260000 120.29340000 22.96106000 -111.37260000 120.42020000 20.69206000 -111.37260000 127.10320000 10.00000000
//-collider71
COOBB Y 81.47713000 -72.22781000 -38.40651000 81.74666000 -72.22781000 -38.82765000 83.11276000 -72.22781000 -37.35973000 10.01462000
//-collider6
COOBB Y -21.81697000 -101.34510000 -4.04727000 -21.60326000 -101.34510000 -3.07037200 -24.83911000 -101.34510000 -3.38614000 10.00000000
//collider7
COOBB N -6.09477000 -96.62865000 -49.85705000 -6.15907300 -96.62865000 -50.35290000 -0.65505980 -96.62865000 -50.56248000 10.00000000
//-collider98
COOBB Y 39.75128000 -96.09068000 -35.77070000 40.02908000 -96.09068000 -35.35498000 35.33422000 -96.09068000 -32.81911000 12.70898000
//-collider21
COOBB Y 23.39834000 -111.37260000 120.40770000 23.33673000 -111.37260000 120.90390000 22.47740000 -111.37260000 120.29340000 10.00000000
//-collider31
COOBB Y -5.38110700 -101.00220000 16.51570000 -5.47507700 -101.00220000 17.00679000 -5.83054200 -101.00220000 16.42970000 10.00000000
//-collider71
COOBB Y -16.17237000 -112.05000000 78.30113000 -16.62793000 -112.05000000 78.09506000 -15.54011000 -112.05000000 76.90338000 10.00000000
//-collider3
COOBB Y 27.58556000 -93.19417000 -53.17198000 27.40166000 -93.19417000 -53.63693000 54.75244000 -93.19417000 -63.91693000 10.02661000
//tree_collider
COAACYLINDER N 2.909 -111.309 120.873 0.540 7.340
//-collider1
COOBB Y -6.32341700 -111.49430000 94.91455000 -5.83675000 -111.49430000 95.02924000 -7.22649800 -111.49430000 98.74654000 4.00000000
//tree_collider
COAACYLINDER N -47.971 -92.879 -24.784 1.340 5.740
//-collider7
COOBB Y 19.69223000 -112.05000000 104.38820000 19.73540000 -112.05000000 104.88640000 10.64544000 -112.05000000 105.17230000 10.00000000
//-collider2
COOBB Y -5.71766600 -110.62870000 73.50539000 -5.86741000 -110.62870000 73.98244000 -7.10074500 -110.62870000 73.07124000 10.00000000
//-collider11
COOBB Y -27.78773000 -101.34510000 -18.16748000 -28.78589000 -101.34510000 -18.22808000 -27.60548000 -101.34510000 -21.16955000 10.00000000
//-collider42
COOBB Y 79.17818000 -72.17199000 -35.34155000 79.53986000 -72.17199000 -34.99630000 76.23323000 -72.17199000 -32.25651000 10.00000000
//-collider9
COOBB Y -23.54629000 -112.05000000 110.21510000 -23.51604000 -112.05000000 109.71600000 -22.42699000 -112.05000000 110.28290000 10.00000000
//-collider8
COOBB Y -19.40361000 -112.05000000 88.74889000 -19.28110000 -112.05000000 88.26414000 -17.71819000 -112.05000000 89.17486000 10.00000000
//-collider34
COOBB Y -34.48942000 -95.64417000 -43.43016000 -34.85141000 -95.64417000 -43.77507000 -31.49101000 -95.64417000 -46.57712000 10.00000000
//-collider33
COOBB Y -15.71424000 -112.05000000 157.02760000 -15.25179000 -112.05000000 157.21770000 -23.32227000 -112.05000000 175.53520000 10.00000000
//-collider0
COOBB Y -3.06220000 -111.25170000 77.34029000 -3.53623500 -111.25170000 77.49931000 -3.73480700 -111.25170000 75.33540000 10.00000000
//-collider9
COOBB Y 59.27086000 -93.19418000 -37.83380000 59.08084000 -93.19418000 -38.29628000 62.21803000 -93.19418000 -39.04466000 10.00000000
//-collider30
COOBB Y -6.12284500 -112.05000000 129.47330000 -5.66175000 -112.05000000 129.66670000 -11.93089000 -112.05000000 143.32280000 10.00000000
//-collider55
COOBB Y 45.98631000 -78.60413000 -98.60584000 45.48771000 -78.60413000 -98.64330000 46.12489000 -78.60413000 -100.45080000 10.00000000
//-collider10
COOBB Y 13.09828000 -111.43340000 115.63100000 13.45921000 -111.43340000 115.28490000 14.90909000 -111.43340000 117.51970000 10.00000000
//-collider17
COOBB Y 13.85913000 -107.29720000 37.98993000 14.16353000 -107.29720000 37.59327000 14.99191000 -107.29720000 38.85925000 10.00208000
//-collider15
COOBB Y 13.00015000 -103.52070000 -31.51521000 13.92809000 -103.52070000 -31.88794000 15.90808000 -103.52070000 -24.27571000 6.19999700
//-collider12
COOBB Y -43.11782000 -93.31071000 -27.50942000 -42.61856000 -93.31071000 -27.48216000 -43.49501000 -93.31071000 -20.60002000 10.00000000
//collider3
COOBB N -23.54967000 -96.62865000 -39.66979000 -23.91566000 -96.62865000 -40.01045000 -20.19877000 -96.62865000 -43.26988000 10.00000000
//collider9
COOBB N 5.13692000 -96.62865000 -50.00066000 5.27642800 -96.62865000 -50.48080000 10.07610000 -96.62865000 -48.56556000 10.00000000
//-collider5
COOBB Y -19.82116000 -101.34510000 -1.89019800 -20.55517000 -101.34510000 -1.21105900 -21.81698000 -101.34510000 -4.04727200 10.00000000
//-collider42
COOBB Y -20.18452000 -112.05000000 128.08220000 -19.69745000 -112.05000000 128.19510000 -20.74678000 -112.05000000 130.50690000 10.00000000
//-collider25
COOBB Y -36.89884000 -93.27937000 -60.70249000 -36.59309000 -93.27937000 -61.09811000 -35.13352000 -93.27937000 -59.33820000 10.00000000
//-collider3
COOBB Y 61.83147000 -84.61019000 -20.29025000 62.02776000 -84.61019000 -19.83040000 51.38894000 -84.61019000 -15.83284000 10.00000000
//-collider1
COOBB Y -39.09831000 -93.20562000 -8.60041000 -38.59926000 -93.20562000 -8.56962700 -39.18361000 -93.20562000 -7.21758900 10.00000000
//-collider18
COOBB Y 49.50753000 -90.40394000 -17.86672000 49.99267000 -90.40394000 -17.74571000 45.49892000 -90.40394000 -1.79613000 14.63553000
//-collider9
COOBB Y 10.72978000 -112.05000000 105.98180000 10.67915000 -112.05000000 105.48440000 16.99408000 -112.05000000 105.34430000 10.00000000
//tree_collider
COAACYLINDER N -21.340 -100.824 -5.756 1.010 6.400
//-collider40
COOBB Y 90.13768000 -78.51414000 -10.63344000 89.74127000 -78.51414000 -10.93817000 97.60954000 -78.51414000 -20.35339000 10.00000000
//-collider9
COOBB Y 4.98842200 -100.78090000 -48.33938000 5.25909000 -100.78090000 -49.30206000 9.98698800 -100.78090000 -46.93397000 6.19999700
//-collider7
COOBB Y -19.80685000 -112.05000000 89.46678000 -20.24279000 -112.05000000 89.22192000 -19.40361000 -112.05000000 88.74887000 10.00000000
//collider7
COOBB N 23.85645000 -100.87870000 -3.02106600 23.03962000 -100.87870000 -3.59794100 26.03223000 -100.87870000 -6.10188800 10.00000000
//-collider1
COOBB Y 8.92286700 -111.43340000 130.96460000 8.61310600 -111.43340000 130.57210000 12.47855000 -111.43340000 128.15830000 10.00000000
//Cube
COOBB N -19.78518000 -112.23880000 111.40810000 -20.12221000 -112.23880000 111.36330000 -19.33237000 -112.23880000 108.00820000 10.00000000
//-collider64
COOBB Y 71.89629000 -72.30098000 -57.83299000 71.66936000 -72.30098000 -58.27852000 74.66662000 -72.30098000 -59.24403000 10.00000000
//-collider2
COOBB Y 12.47853000 -111.43340000 128.15830000 12.96607000 -111.43340000 128.04740000 12.87492000 -111.43340000 129.90010000 10.00000000
//-collider94
COOBB Y 51.89050000 -93.38170000 -25.83438000 52.07839000 -93.38170000 -25.37103000 44.12286000 -93.38170000 -22.68450000 10.00000000
//Cube
COOBB N 3.24614800 -107.39880000 36.68104000 5.10928100 -107.39880000 36.84115000 3.22816800 -107.39880000 36.89027000 10.00000000
//-collider32
COOBB Y -36.91063000 -95.64417000 -43.30632000 -36.73125000 -95.64417000 -43.77303000 -31.70639000 -95.64417000 -41.30607000 12.36481000
//tree_collider
COAACYLINDER N -11.141 -101.309 1.516 0.530 7.360
//-collider17
COOBB Y 25.20732000 -111.18150000 107.03480000 25.23159000 -111.18150000 106.53540000 26.21401000 -111.18150000 107.08370000 10.00000000
//-collider4
COOBB Y -6.31142500 -109.78920000 70.30998000 -6.77327700 -109.78920000 70.11843000 -5.31414000 -109.78920000 67.90540000 10.00000000
//-collider15
COOBB Y 6.76315900 -111.43340000 121.30740000 6.72978300 -111.43340000 121.80630000 3.98107900 -111.43340000 121.12130000 10.00000000
//-collider2
COOBB Y 65.03595000 -84.61019000 -14.08264000 64.57640000 -84.61019000 -13.88562000 62.48730000 -84.61019000 -20.02742000 10.00000000
//-collider0
COOBB Y -17.51722000 -103.10670000 -22.87946000 -18.45582000 -103.10670000 -23.22445000 -14.65729000 -103.10670000 -30.66032000 6.19999700
//-collider45
COOBB Y -24.18436000 -112.05000000 132.19640000 -24.29870000 -112.05000000 132.68310000 -26.18954000 -112.05000000 131.72540000 10.00000000
//-collider0
COOBB Y -37.28272000 -93.20562000 -10.20501000 -36.95161000 -93.20562000 -9.83036000 -39.09830000 -93.20562000 -8.60041000 10.00000000
//-collider6
COOBB Y -30.27237000 -93.56033000 -14.78872000 -29.80381000 -93.56033000 -14.96323000 -26.46476000 -93.56033000 -4.56493800 10.00000000
//Cube
COOBB N 3.44682700 -112.24870000 119.43390000 3.75382900 -112.24870000 120.38560000 3.03759900 -112.24870000 119.56590000 10.00000000
//-collider26
COOBB Y -4.80201700 -106.41530000 38.96071000 -5.28775500 -106.41530000 39.07928000 -5.69721500 -106.41530000 35.29340000 10.20407000
//-collider47
COOBB Y 12.62041000 -110.25880000 67.73604000 12.67822000 -110.25880000 67.23940000 13.95699000 -110.25880000 67.89162000 10.00000000
//-collider0
COOBB Y 5.65307800 -100.87870000 8.23967400 4.71614000 -100.87870000 7.89017800 6.90561000 -100.87870000 4.88185600 10.00000000
//-collider3
COOBB Y -34.65159000 -93.56033000 -18.94075000 -34.31912000 -93.56033000 -19.31420000 -32.44536000 -93.56033000 -16.97660000 10.00000000
//-collider31
COOBB Y 74.17630000 -83.79282000 -28.27012000 74.11417000 -83.79282000 -28.76624000 76.09523000 -83.79282000 -28.51046000 10.00000000
//-collider76
COOBB Y 90.61293000 -77.55014000 -5.55004400 90.97875000 -77.55014000 -5.20919600 89.31338000 -77.55014000 -4.15529100 10.00000000
//-collider60
COOBB Y -22.77147000 -112.05000000 97.68795000 -23.23792000 -112.05000000 97.50788000 -21.28605000 -112.05000000 93.84011000 10.00000000
//-collider16
COOBB Y 26.11812000 -111.18150000 103.39100000 26.60320000 -111.18150000 103.51230000 25.20733000 -111.18150000 107.03480000 10.00000000
//-collider21
COOBB Y 9.55366100 -112.05000000 88.09821000 10.04044000 -112.05000000 88.21241000 9.23093400 -112.05000000 89.47378000 10.00000000
//tree_collider
COAACYLINDER N 39.810 -93.417 -50.196 0.830 3.847
//-collider18
COOBB Y 14.99190000 -107.29510000 38.85924000 15.42044000 -107.29510000 38.60165000 15.37529000 -107.29510000 39.49705000 10.00000000
//-collider75
COOBB Y -12.78944000 -112.05000000 75.54211000 -12.59728000 -112.05000000 75.08051000 -11.07970000 -112.05000000 76.25387000 10.00000000
//-collider3
COOBB Y -19.58161000 -112.02090000 118.03550000 -20.07731000 -112.02090000 117.97000000 -19.09449000 -112.02090000 114.34740000 10.02913000
//-collider24
COOBB Y 21.80660000 -111.37260000 127.56750000 22.23149000 -111.37260000 127.83110000 14.63498000 -111.37260000 139.12920000 10.00000000
//-collider24
COOBB Y -49.35296000 -93.11337000 -8.02266600 -49.78229000 -93.11337000 -7.76639000 -50.88069000 -93.11337000 -10.58201000 10.00000000
//-collider11
COOBB Y -22.11598000 -112.05000000 107.94210000 -22.04319000 -112.05000000 108.43680000 -23.03043000 -112.05000000 108.07670000 10.00000000
//-collider16
COOBB Y 59.79152000 -93.19418000 -27.47939000 60.24585000 -93.19418000 -27.68816000 61.76198000 -93.19418000 -23.19141000 10.00000000
//-collider7
COOBB Y -24.83911000 -101.34510000 -3.38613000 -25.65065000 -101.34510000 -2.80182700 -26.38730000 -101.34510000 -5.53639900 10.00000000
//-collider15
COOBB Y 21.92072000 -112.05000000 103.41980000 21.42482000 -112.05000000 103.48370000 21.11734000 -112.05000000 97.18291000 10.00000000
//collider6
COOBB N -4.11638400 -111.26620000 103.35090000 -4.58736900 -111.26620000 103.51870000 -4.86885300 -111.26620000 101.23940000 4.00000000
//tree_collider
COAACYLINDER N -7.831 -100.499 -46.444 1.340 5.740
//-collider29
COOBB Y -3.99503500 -112.05000000 130.37440000 -4.19000900 -112.05000000 130.83480000 -6.12284200 -112.05000000 129.47330000 10.00000000
//-collider100
COOBB Y 37.60707000 -96.09068000 -33.95621000 38.08005000 -96.09068000 -34.11837000 39.71925000 -96.09068000 -27.79513000 10.00000000
//-fountain
COAACYLINDER Y -0.480 -105.139 -20.406 6.969 23.891
//-collider69
COOBB Y -21.82358000 -112.05000000 78.12791000 -22.29768000 -112.05000000 77.96906000 -21.16059000 -112.05000000 76.14904000 10.00000000
//-collider77
COOBB Y -11.21048000 -112.05000000 77.98104000 -10.71299000 -112.05000000 77.93098000 -11.00913000 -112.05000000 79.98207000 10.00000000
//-collider27
COOBB Y -5.69720400 -106.21120000 35.29340000 -6.17360500 -106.21120000 35.44520000 -7.09011200 -106.21120000 30.92184000 10.00000000
//-collider46
COOBB Y 66.74232000 -72.17199000 -57.52281000 66.95757000 -72.17199000 -57.07151000 64.67944000 -72.17199000 -56.53890000 10.00000000
//-collider30
COOBB Y 74.28740000 -83.79282000 -29.77759000 74.78604000 -83.79282000 -29.74083000 74.17628000 -83.79282000 -28.27011000 10.00000000
//-collider8
COOBB Y 15.82622000 -111.18150000 84.48285000 15.34060000 -111.18150000 84.36378000 16.01439000 -111.18150000 83.71542000 10.00000000
//-collider51
COOBB Y 15.01948000 -110.71250000 74.81224000 15.51887000 -110.71250000 74.78761000 15.30478000 -110.71250000 80.59615000 10.00000000
//-collider47
COOBB Y -8.90515800 -80.18874000 -101.38930000 -8.40528300 -80.18874000 -101.40050000 -8.77316900 -80.18874000 -95.49479000 10.00000000
//collider11
COOBB N -11.15276000 -111.26620000 104.37450000 -10.67724000 -111.26620000 104.22000000 -10.58907000 -111.26620000 106.10890000 4.00000000
//-collider87
COOBB Y 36.20255000 -84.87827000 3.76607700 35.71735000 -84.87827000 3.64531800 38.25443000 -84.87827000 -4.47820300 10.00000000
//-collider64
COOBB Y -30.30957000 -112.05000000 87.15986000 -30.78088000 -112.05000000 87.32679000 -31.37307000 -112.05000000 84.15713000 10.00000000
//-collider5
COOBB Y 17.61968000 -112.05000000 100.53090000 18.08117000 -112.05000000 100.33850000 18.73180000 -112.05000000 103.19830000 10.00000000
//-collider56
COOBB Y -27.27074000 -112.05000000 104.85470000 -27.42489000 -112.05000000 105.33030000 -38.70732000 -112.05000000 101.14810000 10.00000000
//-collider21
COOBB Y -44.00771000 -93.11337000 -10.99694000 -43.99581000 -93.11337000 -10.49708000 -46.03764000 -93.11337000 -10.94860000 10.00000000
//-collider1
COOBB Y 36.93031000 -93.16756000 -41.66618000 36.51120000 -93.16756000 -41.39352000 32.57710000 -93.16756000 -48.35761000 10.00000000
//-collider51
COOBB Y -33.21331000 -112.05000000 126.28980000 -33.70541000 -112.05000000 126.20120000 -30.85925000 -112.05000000 113.21030000 10.00000000
//-collider42
COOBB Y -28.99534000 -95.64418000 -59.87875000 -29.41409000 -95.64418000 -59.60553000 -32.23186000 -95.64418000 -64.83920000 11.95923000
//collider4
COOBB N 22.42274000 -100.51570000 -18.26394000 22.87925000 -100.51570000 -18.05999000 20.18766000 -100.51570000 -13.26130000 5.00000000
//-collider6
COOBB Y -16.78532000 -112.05000000 112.26630000 -16.86278000 -112.05000000 112.76030000 -20.27859000 -112.05000000 111.71850000 10.00000000
//-collider77
COOBB Y 89.31337000 -83.49615000 -4.15528200 89.00726000 -83.49615000 -3.75994300 78.62713000 -83.49615000 -12.42980000 15.94601000
//-collider19
COOBB Y 45.49892000 -85.76840000 -1.79613600 45.64245000 -85.76840000 -2.27509200 47.02617000 -85.76840000 -1.33846400 10.18430000
//-collider23
COOBB Y 11.20539000 -112.05000000 89.85301000 11.62803000 -112.05000000 90.12016000 9.41940500 -112.05000000 92.67851000 10.00000000
//-collider4
COOBB Y 7.28513800 -111.18150000 85.23660000 7.73795000 -111.18150000 85.02457000 7.74213700 -111.18150000 86.21252000 10.00000000
//collider15
COOBB N 14.03960000 -101.55700000 -30.99319000 14.50958000 -101.55700000 -31.16384000 16.89312000 -101.55700000 -23.13420000 10.00000000
//-collider0
COOBB Y -52.06144000 -93.01068000 -9.93115000 -52.42511000 -93.01068000 -9.58802200 -54.78025000 -93.01068000 -12.81281000 10.02255000
//-collider48
COOBB Y 57.81874000 -75.12452000 -71.39195000 57.80402000 -75.12452000 -71.89174000 62.11626000 -75.12452000 -71.51857000 12.95253000
//-collider27
COOBB Y -1.79543700 -112.05000000 130.42990000 -1.91582000 -112.05000000 130.91510000 -3.38830300 -112.05000000 130.03470000 10.00000000
//-collider35
COOBB Y -31.49101000 -95.64417000 -46.57712000 -31.85807000 -95.64417000 -46.91663000 -27.01063000 -95.64417000 -51.42110000 10.00000000
//-collider4
COOBB Y 18.57455000 -100.87870000 -0.88846640 17.74428000 -100.87870000 -1.44582300 19.86914000 -100.87870000 -2.81696400 10.00000000
//-collider78
COOBB Y -11.00913000 -112.05000000 79.98208000 -10.73528000 -112.05000000 79.56375000 -9.46221700 -112.05000000 80.99475000 10.00000000
//-collider58
COOBB Y 67.50710000 -72.30098000 -73.34212000 67.65302000 -72.30098000 -72.86388000 66.37651000 -72.30098000 -72.99717000 10.00000000
//-collider44
COOBB Y -22.18039000 -112.05000000 130.54760000 -21.86272000 -112.05000000 130.93370000 -24.18439000 -112.05000000 132.19640000 10.00000000
//-collider34
COOBB Y 42.88087000 -106.41410000 58.23228000 43.33438000 -106.41410000 58.02173000 43.73341000 -106.41410000 60.06857000 10.00000000
//-collider12
COOBB Y 2.82951300 -108.60710000 57.91442000 2.68548600 -108.60710000 57.43562000 11.46208000 -108.60710000 55.31771000 10.00000000
//-collider43
COOBB Y -32.23184000 -93.68495000 -64.83920000 -32.66887000 -93.68495000 -64.59628000 -35.19458000 -93.68495000 -70.16921000 12.11859000
//-collider18
COOBB Y -1.94212800 -111.43340000 121.20290000 -1.52206800 -111.43340000 121.47410000 -4.07178900 -111.43340000 124.50150000 10.00000000
//collider7
COOBB N -4.86885500 -111.26620000 101.23940000 -5.08651800 -111.26620000 101.68950000 -7.02879200 -111.26620000 100.19500000 4.00000000
//-collider73
COOBB Y 22.63503000 -95.86371000 -51.22370000 22.91174000 -95.86371000 -51.64016000 25.59471000 -95.86371000 -49.25715000 10.00000000
//-collider32
COOBB Y -5.83053600 -101.00220000 16.42970000 -6.33021500 -101.00220000 16.44759000 -6.08361800 -101.00220000 9.36304600 10.34851000
//-collider12
COOBB Y 11.30365000 -106.85650000 28.04619000 11.80162000 -106.85650000 28.09112000 10.94571000 -106.85650000 32.01352000 10.00000000
//-collider18
COOBB Y -54.19828000 -90.70538000 -41.81001000 -54.65401000 -90.70538000 -42.01568000 -53.31908000 -90.70538000 -43.75814000 10.00000000
//-collider65
COOBB Y -31.37307000 -112.05000000 84.15714000 -31.83786000 -112.05000000 83.97282000 -28.70824000 -112.05000000 77.43713000 10.00000000
//-collider3
COOBB Y 10.82546000 -100.87870000 4.23653100 10.27383000 -100.87870000 3.40244700 18.57455000 -100.87870000 -0.88846950 10.41840000
//-collider49
COAABB Y 61.544 -75.125 -95.244 62.116 -65.125 -71.517
//-collider104
COOBB Y 38.27424000 -96.36525000 -20.04782000 38.57677000 -96.36525000 -20.44592000 40.93851000 -96.36525000 -18.02312000 10.00000000
//-collider3
COOBB Y -22.92608000 -100.78090000 -37.94910000 -23.67464000 -100.78090000 -38.61216000 -19.84243000 -100.78090000 -41.43041000 6.19999700
//-collider13
COOBB Y -43.49502000 -93.31070000 -20.60001000 -43.48463000 -93.31070000 -20.10011000 -53.43291000 -93.31070000 -20.39340000 10.17081000
//-collider0
COOBB Y -4.23328300 -111.43340000 124.61470000 -4.01594700 -111.43340000 124.16440000 8.92285300 -111.43340000 130.96460000 10.00000000
//-collider14
COOBB Y 21.57247000 -112.05000000 105.08920000 21.08300000 -112.05000000 104.98710000 21.92073000 -112.05000000 103.41980000 10.00000000
//-collider7
COOBB Y -41.10396000 -95.66425000 -19.34137000 -41.60231000 -95.66425000 -19.38205000 -40.47995000 -95.66425000 -26.98437000 12.58772000
//-collider9
COOBB Y -38.26743000 -95.66425000 -35.06093000 -38.16111000 -95.66425000 -35.54950000 -35.48701000 -95.66425000 -34.45588000 10.00000000
//-collider27
COOBB Y 75.39060000 -83.79282000 -15.24978000 74.95902000 -83.79282000 -14.99730000 73.21314000 -83.79282000 -18.97184000 10.00000000
//-collider24
COOBB Y -23.92237000 -86.49323000 -88.05814000 -23.42259000 -86.49323000 -88.07313000 -23.77588000 -86.49323000 -83.17278000 10.00000000
//tree_collider
COAACYLINDER N -10.310 -103.645 -36.916 0.687 9.542
